Positional Index:

advanc
1: [26, 69, 215, 596]
2: [137, 228, 491, 524, 569, 604, 615, 626, 638, 681]
3: [242, 253, 286, 307, 329, 398, 409, 622, 666]
4: [12, 78, 166, 247, 535]
5: [47, 105, 228, 385, 429, 441, 605, 627]
6: [191, 369, 460, 597, 654]
7: [38, 49, 72, 84, 139, 173, 184, 239, 295, 408, 485, 616, 626]
8: [14, 234, 427, 439, 473, 484, 621]
9: [115, 136, 271, 450, 656]
10: [112, 177, 255, 266, 457, 646]
11: [122, 155]
12: [170, 202, 270, 314, 359, 492, 514, 525, 570, 660]
13: [265, 287, 320, 470, 605, 616, 672]
14: [73, 219, 230, 276, 321, 455, 588, 632]
15: [15, 71, 104, 287, 386, 451, 506]
16: [25, 139, 186, 321, 445, 613]
17: [15, 112, 414, 504]
18: [145, 167, 256, 323, 401, 458, 674]
19: [49, 473, 520, 530, 598, 620, 654, 676]
20: [47, 127, 159, 193, 384, 603]
21: [27, 85, 108, 163, 272, 366, 409, 507]
22: [27, 126, 149, 216, 237, 363, 408, 463, 587]
23: [61, 166, 289, 356, 457, 488, 579, 613, 624, 655]
24: [48, 127, 361, 373, 419, 678]
25: [80, 161, 275, 447, 560, 659]
26: [105, 185, 273, 429, 507, 550, 572, 636]
27: [60, 164, 365, 568, 590]
28: [96, 311, 322, 435, 527, 585, 608]
29: [26, 162, 258, 394, 426, 504, 617]
30: [103, 345, 378, 486, 508]

agricultur
1: [22, 178, 238, 324, 380, 423, 472, 668]
2: [4, 180, 264, 354, 434]
3: [244, 255]
4: [2, 157, 190, 220, 302, 343, 430, 598]
5: [43, 152, 437, 478, 580, 634]
6: [21, 76, 86, 142]
7: [17, 492, 534, 602, 638]
8: [56, 100, 187, 463, 578]
9: [51, 106, 400, 411, 457, 503, 539]
10: [97, 151, 219, 547]
11: [163, 274, 383]
12: [238, 461, 578, 623]
13: [261, 641, 656, 674]
14: [69, 405, 439, 516, 590, 611, 616]
15: [117, 139, 279, 447, 458, 619]
16: [234, 418]
17: [230, 665]
18: [60, 76, 204, 209, 215, 408, 498]
19: [152, 297, 328, 401, 672]
20: [43, 397, 501, 528, 650]
21: [93, 384, 444, 455, 630]
22: [5, 33, 39, 245, 393, 437, 454, 611]
23: [273, 469]
24: [77, 157, 224, 363, 391, 516]
25: [44, 82, 236]
26: [56, 131, 365, 409, 499, 568, 611]
27: [10, 192, 198, 242, 287, 459]
28: [22, 68, 207, 245, 558]
29: [185, 299, 356, 472, 561]
30: [67, 203, 218, 369, 467]

bank
6: [2]

been
1: [7, 285, 320, 431, 507, 588]
2: [61, 164, 176, 210, 413, 573, 596]
3: [51, 74, 234, 354, 390, 501, 523, 670]
4: [16, 204, 216, 239, 251, 264, 287, 321, 415, 571, 629]
5: [109, 198, 298, 664]
6: [94, 138, 350, 384, 418, 566, 578, 601, 636]
7: [76, 287, 299, 412, 651, 663]
8: [18, 30, 75, 250, 262, 329, 341, 431, 465, 532, 568, 591, 635]
9: [41, 162, 217, 240, 252, 386, 442, 499]
10: [215, 314, 472, 526, 571]
11: [18, 463, 475, 565, 599, 611, 667]
12: [228, 306, 438, 450, 484]
13: [52, 212, 235, 269, 324, 382, 394, 417, 563, 630, 664]
14: [53, 132, 234, 246, 280, 447, 546, 624, 658]
15: [163, 221, 256, 324, 476, 543, 643]
16: [62, 121, 143, 166, 190, 202, 391, 426, 471, 483, 617, 651]
17: [7, 271, 295, 441, 530, 598]
18: [193, 304, 450, 574]
19: [30, 220, 386, 500, 580]
20: [85, 276, 430, 486, 607]
21: [42, 77, 89, 155, 243, 322, 566, 667]
22: [7, 19, 164, 320, 355, 491, 624, 660, 672]
23: [53, 76, 123, 203, 315, 405, 538, 670]
24: [96, 433, 445, 479, 557, 635, 647]
25: [40, 96, 120, 187, 199, 244, 349, 373, 528, 540, 663]
26: [52, 75, 109, 299]
27: [18, 77, 299, 322, 335, 369, 662]
28: [18, 64, 88, 112, 124, 462, 495, 519, 655]
29: [76, 110, 187, 330, 563, 609]
30: [29, 41, 193, 236, 248, 545, 557, 581, 657]

budget
1: [318, 505, 657]
2: [21, 366, 487]
3: [266, 288, 515, 533, 555, 561, 618]
4: [4, 8, 184, 279, 297, 337, 348, 354, 377, 592, 661]
5: [2, 21, 61, 168, 196, 321, 392, 443, 448, 454, 629]
6: [193, 231, 241, 287, 382, 467, 485, 672]
7: [51, 252, 320, 388, 608, 618]
8: [96, 198, 294, 327, 423, 639, 650]
9: [464, 486]
10: [21, 43, 173, 336, 380, 569]
11: [50, 248, 569, 626]
12: [135, 282, 338, 376, 448, 595]
13: [203, 216]
14: [165, 232, 511, 645]
15: [39, 242, 404, 502]
16: [66, 661]
17: [219, 321, 399, 445, 551, 654]
18: [114, 252, 448, 542, 665]
19: [34, 108, 543, 561]
20: [27, 89, 566]
21: [247, 268, 302, 339, 536]
22: [67, 222, 278, 443]
23: [127, 184, 201, 396, 474, 480, 524, 604]
24: [5, 10, 118, 270, 380, 386]
25: [72, 197, 209, 359, 388, 399, 505, 600]
26: [286, 464]
27: [81, 114, 166, 182, 236, 291, 464, 615, 660]
28: [10, 162, 369, 391, 426, 437, 443, 477, 535]
29: [68, 91, 125]

by
1: [9, 20, 42, 53, 131, 142, 165, 241, 263, 275, 287, 322, 355, 366, 378, 389, 410, 433, 454, 475, 497, 509, 520, 590, 624]
2: [51, 63, 109, 131, 142, 166, 178, 212, 290, 380, 391, 415, 426, 496, 529, 575, 598, 643, 654, 665]
3: [53, 76, 87, 144, 155, 166, 200, 236, 280, 344, 356, 392, 425, 447, 458, 480, 503, 525, 547, 593, 604, 672]
4: [18, 83, 126, 160, 182, 206, 218, 229, 241, 253, 266, 277, 289, 300, 311, 323, 380, 417, 428, 439, 450, 461, 496, 507, 540, 551, 573, 631, 653, 664, 675]
5: [8, 87, 111, 155, 200, 211, 233, 277, 288, 300, 324, 335, 357, 390, 423, 492, 556, 578, 599, 610, 654, 666]
6: [30, 52, 74, 96, 118, 140, 151, 274, 352, 363, 374, 386, 420, 477, 499, 544, 568, 580, 591, 603, 638, 659]
7: [43, 78, 122, 144, 155, 178, 200, 211, 222, 233, 277, 289, 301, 346, 357, 368, 379, 414, 457, 490, 501, 512, 576, 653, 665]
8: [8, 20, 32, 77, 120, 152, 163, 174, 185, 252, 264, 275, 286, 331, 343, 355, 377, 388, 433, 467, 478, 534, 557, 570, 581, 593, 604, 637, 660]
9: [19, 43, 87, 98, 152, 164, 219, 230, 242, 254, 265, 311, 333, 354, 365, 388, 432, 444, 489, 501]
10: [41, 73, 106, 139, 217, 228, 239, 260, 281, 303, 316, 361, 474, 485, 528, 539, 573, 616, 651]
11: [8, 20, 31, 42, 149, 183, 194, 205, 239, 251, 284, 306, 441, 465, 477, 489, 511, 533, 544, 567, 589, 601, 613, 669]
12: [42, 133, 144, 186, 230, 308, 364, 395, 417, 440, 452, 486, 497, 508, 587, 654]
13: [8, 42, 54, 99, 134, 145, 168, 190, 201, 214, 225, 237, 248, 259, 271, 326, 348, 372, 384, 396, 419, 430, 453, 464, 475, 552, 565, 632, 654, 666, 677]
14: [55, 78, 122, 134, 168, 236, 248, 270, 282, 293, 326, 381, 392, 449, 503, 514, 525, 548, 614, 626, 660]
15: [31, 42, 65, 87, 109, 131, 153, 165, 223, 258, 303, 314, 326, 359, 445, 456, 478, 500, 511, 522, 533, 545, 590, 622, 645]
16: [19, 64, 123, 145, 168, 180, 192, 204, 215, 226, 326, 348, 381, 393, 428, 439, 450, 473, 485, 496, 517, 539, 550, 561, 619, 641, 653, 664, 675]
17: [9, 52, 63, 150, 183, 194, 250, 273, 297, 308, 319, 353, 364, 375, 386, 397, 408, 443, 454, 509, 532, 576, 600, 646]
18: [52, 95, 128, 172, 195, 306, 338, 383, 452, 463, 474, 496, 507, 540, 576, 587, 598, 609, 631, 643, 668]
19: [20, 32, 65, 144, 175, 222, 354, 388, 490, 502, 514, 582, 614, 625, 659]
20: [30, 52, 87, 98, 109, 132, 164, 187, 198, 231, 278, 289, 300, 334, 356, 367, 378, 432, 475, 488, 499, 520, 575, 597, 609]
21: [44, 79, 91, 102, 113, 124, 157, 178, 189, 211, 233, 245, 256, 300, 324, 414, 436, 458, 512, 534, 545, 568, 657, 669]
22: [9, 21, 76, 87, 154, 166, 188, 210, 265, 298, 322, 357, 391, 413, 493, 548, 570, 581, 592, 603, 626, 662, 674]
23: [55, 78, 125, 137, 193, 205, 227, 249, 260, 317, 328, 350, 384, 407, 418, 505, 516, 540, 552, 607, 660, 672]
24: [8, 75, 98, 188, 245, 268, 300, 311, 322, 435, 447, 458, 481, 547, 559, 625, 637, 649, 661, 672]
25: [7, 18, 42, 53, 85, 98, 109, 122, 189, 201, 246, 304, 351, 362, 375, 430, 441, 462, 508, 530, 542, 554, 588, 609, 642, 653, 665]
26: [7, 18, 54, 65, 77, 111, 157, 168, 278, 301, 312, 323, 368, 401, 412, 479, 490, 523, 534, 663]
27: [20, 79, 112, 136, 158, 212, 234, 257, 279, 301, 324, 337, 371, 394, 451, 474, 530, 552, 630, 664, 675]
28: [8, 20, 66, 90, 114, 126, 137, 160, 248, 259, 372, 394, 452, 464, 475, 497, 521, 544, 567, 579, 590, 645, 657]
29: [44, 55, 66, 78, 100, 112, 177, 189, 242, 332, 343, 354, 365, 388, 431, 565, 611, 622, 665]
30: [8, 31, 43, 54, 183, 195, 206, 238, 250, 261, 284, 306, 317, 449, 491, 513, 547, 559, 583, 605, 659]

central
1: [84, 251, 297, 485, 530, 600]
2: [86, 97, 401, 461, 484, 506, 551, 619]
3: [28, 132, 246, 366, 402, 413, 535, 569]
4: [114, 192, 334, 390, 517, 641]
5: [18, 121, 132, 345, 411, 512, 523, 544, 620]
6: [7, 228, 261, 327, 453, 510, 532, 554, 669]
7: [7, 53, 99, 110, 390, 401, 478, 640]
8: [53, 64, 195, 216, 296, 399, 410, 454, 510, 647]
9: [65, 287, 298, 408, 560, 594]
10: [29, 83, 127, 338, 349]
11: [126, 227, 294, 326]
12: [29, 110, 174, 217, 284, 318, 329, 352, 529, 620, 631]
13: [64, 121, 291, 313, 440]
14: [6, 66, 212, 314, 358, 470, 592, 647]
15: [19, 75, 119, 198, 347, 369, 401, 555, 610, 632, 655]
16: [7, 29, 50, 98, 247, 303, 314]
17: [40, 83, 94, 116, 238, 329, 464, 564, 634]
18: [73, 228, 528]
19: [110, 132, 185, 288, 309, 330, 410, 421, 432, 558]
20: [63, 241, 419, 453, 619, 630, 641]
21: [31, 54, 199, 221, 370, 392, 446, 479, 490, 578, 601]
22: [52, 176, 286, 401, 434, 503, 525, 613]
23: [41, 111, 181, 215, 237, 293, 372, 572, 583, 617]
24: [63, 288, 468, 491, 591]
25: [154, 325, 337]
26: [87, 178, 230, 378, 422, 455, 608, 640]
27: [100, 168, 311, 347, 404, 416, 427, 461, 540, 583, 594]
28: [30, 235, 269, 382, 417, 428, 633, 667, 678]
29: [88, 133, 209, 285, 296, 398, 441, 508]
30: [75, 86, 338, 360, 371, 382, 501]

challeng
1: [130, 141, 164, 240, 354, 377, 388, 409, 474, 496, 519, 623]
2: [108, 130, 141, 425, 495, 528, 653, 664]
3: [86, 154, 165, 279, 343, 424, 457, 479, 603]
4: [125, 276, 379, 427, 449, 495, 539, 663, 674]
5: [7, 154, 210, 232, 276, 356, 389, 422, 609, 653]
6: [29, 117, 476, 498, 543, 590]
7: [143, 154, 199, 210, 232, 345, 367, 456, 489, 500, 511]
8: [7, 184, 285, 477, 556, 659]
9: [97, 151, 264, 332, 353, 431, 488]
10: [40, 72, 105, 302, 360, 615]
11: [7, 30, 41, 148, 238, 283, 305, 440, 510, 532, 543, 588]
12: [41, 132, 185, 394, 416, 496, 507, 586]
13: [98, 167, 200, 258, 347, 452, 653]
14: [269, 292, 325, 380, 513, 524, 613]
15: [41, 64, 86, 108, 130, 152, 313, 444, 455, 521, 621]
16: [18, 325, 347, 380, 438, 449, 495, 538, 549, 640, 663, 674]
17: [182, 193, 249, 352, 374, 385, 396, 407, 453, 508]
18: [51, 127, 337, 382, 462, 473, 495, 506, 539, 586, 630, 642]
19: [64, 174, 513, 613, 624]
20: [29, 51, 97, 131, 163, 197, 230, 288, 299, 498, 519, 574, 596]
21: [511]
22: [75, 153, 209, 264, 297, 390, 569, 580, 591]
23: [136, 192, 226, 248, 417]
24: [299, 310, 321, 457, 546, 624, 671]
25: [6, 17, 52, 84, 361, 440, 461, 553]
26: [17, 167, 277, 367, 478, 489, 522]
27: [211, 256, 393, 450, 473, 529]
28: [7, 136, 247, 371, 393, 451, 543, 566, 644]
29: [54, 65, 353, 364]
30: [7, 53, 182, 260, 283, 305, 490, 512, 604]

chang
1: [102, 236, 316, 405, 650]
2: [35, 46, 184, 250, 340, 397, 649, 660]
3: [35, 117, 139, 420, 431, 475]
4: [132, 306, 434, 590]
5: [150, 183, 239, 396, 508, 540, 573, 616]
6: [102, 157, 301, 414, 483]
7: [195, 272, 341, 452, 496, 518]
8: [71, 94, 169, 212, 599]
9: [61, 93, 283, 404, 590, 601]
10: [101, 189, 287, 389, 400, 522, 534, 567, 590]
11: [88, 99, 495, 517, 573, 663, 675]
12: [14, 106, 128, 192, 213, 390, 412, 446, 536, 604, 627, 638, 649]
13: [14, 174, 367, 378, 390, 683]
14: [140, 520, 542, 554, 599]
15: [397, 408, 462, 528, 539, 606, 639, 673]
16: [82, 129, 310, 410, 556, 625]
17: [69, 79, 101, 168, 234, 370, 526, 538, 549]
18: [58, 80, 155, 433, 513, 524, 582]
19: [26, 84, 106, 128, 150, 216, 295, 462, 631]
20: [25, 81, 204, 284, 329, 362, 373, 395, 415, 460, 526]
21: [184, 453, 464, 475, 529, 608, 628]
22: [37, 93, 104, 282, 340, 374, 430, 510, 554]
23: [266, 334, 500, 511]
24: [14, 81, 92, 116, 161, 194, 395, 407, 464, 520, 542]
25: [139, 150, 287, 321, 414, 468, 583, 594]
26: [60, 205, 363, 385, 593, 604, 615, 647]
27: [107, 142, 186, 196, 207, 229, 240, 274, 480, 525]
28: [120, 143, 199, 254, 265, 367]
29: [183, 216, 237, 326, 415, 470, 605, 628]
30: [71, 113, 267, 301, 312, 323, 465, 519, 553, 622, 653]

consumpt
1: [50, 189, 551, 557]
2: [269, 377, 662]
3: [331, 405, 438, 606]
4: [30, 47, 112, 179, 493, 542, 666]
5: [10, 135, 213, 219, 596, 607]
6: [98, 171, 276, 282, 399, 546, 634]
7: [152, 354]
8: [110, 176, 193, 236]
9: [74, 84, 172, 345, 384, 558, 569]
10: [4, 119, 162, 185, 207, 426, 613]
11: [129, 346]
12: [44, 89, 414, 442, 505, 651]
13: [28, 56, 187, 256, 305, 543]
14: [181, 244, 434, 628]
15: [283, 480]
16: [107, 378, 447, 459]
17: [81, 383, 462]
18: [26, 49, 54, 86, 136, 151, 617]
19: [98, 235, 241, 345, 464, 638]
20: [77, 161, 166, 380, 386]
21: [258, 326, 390, 564, 642, 659]
22: [73, 239, 376, 415, 459, 622]
23: [57, 162, 240, 291, 325, 330]
24: [449, 549, 594, 600]
25: [174, 551, 606]
26: [50, 135, 349, 370, 595]
27: [436, 543, 632, 654]
28: [122, 396, 499, 598, 642]
29: [86, 164, 428]

continu
1: [174, 207, 664]
2: [187, 265, 322, 367, 538]
3: [16, 62, 267, 289, 310, 467, 489, 647]
4: [70, 367, 582]
5: [62, 164, 175, 263, 444]
6: [17, 205, 216, 315, 395, 406, 429, 463, 613]
7: [87, 187, 253, 310, 423, 466, 541]
8: [226, 306, 364, 442, 544, 613]
9: [6, 28, 453, 604, 625]
10: [50, 115, 169, 192, 203, 290, 370, 381, 403, 415, 460, 548, 603, 660]
11: [270, 336, 358, 390, 414, 520, 633, 655]
12: [17, 63, 250, 404, 517, 551, 663]
13: [29, 177, 301, 539, 575, 597]
14: [41, 143, 222, 257, 412, 435, 480, 534, 580]
15: [140, 175, 232, 665]
16: [154, 291, 402, 593, 628]
17: [28, 126, 160, 226, 417, 552]
18: [6, 39, 104, 181, 205, 216, 248, 270, 315, 370, 393, 425, 483, 516]
19: [87, 120, 363, 374, 442, 476, 568, 601, 634, 646]
20: [39, 141, 264, 321, 387, 562]
21: [6, 346, 423, 521]
22: [40, 96, 107, 118, 252, 422, 444, 455, 636]
23: [18, 64, 303, 337, 627]
24: [119, 197, 208, 331, 342, 387, 523, 568, 579]
25: [164, 267, 290, 384, 406, 417, 471]
26: [27, 97, 287, 345, 388, 553, 564, 585, 596, 650]
27: [6, 40, 145, 178, 199, 266, 357, 381, 506, 517]
28: [52, 76, 169, 180, 191, 314, 337, 348, 507]
29: [18, 154, 261, 272, 318, 462, 473, 529, 586, 597, 652]
30: [17, 63, 128, 139, 293, 348, 393, 522, 592, 614, 635]

control
30: [3]

crucial
1: [30, 119, 186, 197, 219, 332, 343, 420, 565, 654]
2: [6, 39, 74, 152, 199, 232, 243, 278, 300, 472, 517, 562, 608]
3: [6, 98, 188, 223, 257, 322, 435, 659]
4: [38, 60, 93, 136, 170, 345, 528, 618]
5: [74, 187, 221, 243, 367, 400, 480, 566, 631]
6: [40, 106, 173, 184, 195, 284, 305, 441, 487, 521, 625]
7: [65, 132, 243, 265, 445, 553, 564]
8: [42, 87, 140, 238, 318, 488, 521]
9: [108, 129, 140, 174, 185, 196, 321, 375, 466, 511, 637, 672]
10: [18, 94, 326, 393, 428, 515]
11: [92, 103, 137, 171, 348, 370, 451, 499, 554, 623, 645]
12: [86, 121, 206, 240, 263, 295, 427, 473, 563, 597, 608, 642]
13: [87, 110, 156, 336, 406, 485, 496, 507, 587, 609]
14: [109, 201, 303, 369, 402, 459, 558]
15: [97, 187, 210, 336, 390, 422, 433, 566, 578]
16: [236, 258, 269, 336, 527]
17: [105, 138, 216, 260, 487, 519, 542, 656, 667]
18: [28, 138, 260, 405, 550]
19: [7, 53, 209, 256, 277, 398, 466, 669]
20: [74, 208, 442, 540, 552, 662]
21: [288, 311, 381, 468, 555]
22: [64, 142, 230, 275, 344, 367, 514, 536, 558]
23: [30, 170, 270, 428, 440, 471, 526, 594]
24: [52, 85, 154, 354, 377, 503, 535, 602]
25: [63, 132, 143, 176, 211, 223, 314, 495, 576, 620]
26: [219, 444, 511, 619]
27: [30, 89, 222, 438, 484, 572]
28: [292, 304, 360, 622]
29: [144, 220, 308, 419, 485, 541, 642]
30: [171, 327, 415, 426, 437, 479, 534]

debt
29: [3]

deficit
1: [39, 110, 295, 300, 441]
2: [48, 53, 208, 388, 393]
3: [78, 113, 335, 668]
4: [151, 268, 452, 476, 526, 655]
5: [49, 365, 586]
6: [308, 513, 557, 605, 628, 656]
7: [45, 263, 343, 433, 545]
8: [225, 368]
10: [158, 213, 289, 402]
11: [146, 202, 297, 461, 609, 643]
12: [62, 204, 310, 425, 584, 600, 634]
13: [142, 250, 618]
14: [97, 153, 170, 361, 428, 451]
15: [100, 128, 388, 414]
16: [441, 452, 558, 576, 582, 643]
17: [17, 21, 202, 388, 632, 643]
18: [185, 363]
19: [17]
20: [5, 134, 228, 325, 477, 511, 628]
21: [81, 126, 142, 235, 405]
22: [134, 399]
23: [97, 513]
24: [32, 88, 129, 313, 397, 561]
25: [9, 15, 438, 556]
26: [4, 9, 73, 309, 453, 470]
27: [28, 39, 44, 314, 570, 597]
28: [307, 313, 385, 483, 665]
29: [74, 345, 444, 451, 477, 511, 518, 607, 640]
30: [143, 153, 440]

demonet
10: [2]

develop
1: [162, 568]
2: [77, 162, 241, 587]
3: [101]
4: [145, 382, 575]
5: [31, 55, 101, 332, 337, 420, 564]
6: [5, 27, 136, 336, 428, 433, 661]
7: [23, 202, 381, 416, 503]
8: [254, 397, 435, 502]
9: [232, 296, 390, 658, 670]
10: [16, 262, 476, 493, 552, 607]
11: [74, 213, 281, 449]
12: [177, 494, 662]
13: [3, 154, 279, 380, 461, 549, 554, 579]
14: [312, 656]
15: [305, 530, 581, 669]
16: [356, 372]
17: [3, 54, 103, 286, 451, 534]
18: [125, 191, 220, 335, 380, 509]
19: [419, 584]
20: [32, 83, 140, 172, 244, 411, 428, 496, 543]
21: [202, 422, 624]
22: [84, 174, 512, 640]
23: [114, 207, 386, 415, 420]
24: [38, 50, 100, 297, 633]
25: [50, 323, 544, 639]
26: [26, 320, 325, 531, 622]
27: [303, 402]
28: [45, 116, 134, 145]
29: [168]
30: [185, 325, 392, 418, 461, 567]

digit
1: [117, 254, 341, 368, 533, 646]
2: [133, 139, 258, 321, 404, 542, 622]
3: [146, 152, 180, 341, 346, 352, 422, 601]
4: [20, 51, 285, 393, 447, 504, 509]
5: [89, 431, 662]
6: [130, 593]
7: [80, 130, 180, 208, 285, 303, 448, 498]
8: [283]
9: [2, 45, 149, 221, 238, 256, 308, 434, 573]
10: [396, 513, 602, 618]
11: [101, 591, 597, 632]
12: [27, 102, 293, 419, 482]
13: [136, 322, 421, 477, 488, 494, 499, 596]
14: [290, 356, 400, 522]
15: [293, 339, 564, 647]
16: [119, 389, 498]
17: [32, 141, 626]
18: [103, 308, 314]
19: [80, 91, 188, 212, 231, 247, 339, 522]
20: [211, 263, 280, 451]
21: [57, 224, 604, 620]
22: [62, 111, 200, 212, 501, 594]
23: [17, 51, 173, 347, 597, 615, 620]
24: [135, 578]
25: [377, 383]
26: [67, 176, 414, 425, 458, 649]
27: [248, 270, 326, 482, 493]
28: [336, 380, 449, 552, 581, 659, 681]
29: [5, 63, 121, 265, 401, 579]
30: [27, 99, 105, 149, 493]

document
1: [0]
2: [0]
3: [0]
4: [0]
5: [0]
6: [0]
7: [0]
8: [0]
9: [0]
10: [0]
11: [0]
12: [0]
13: [0]
14: [0]
15: [0]
16: [0]
17: [0]
18: [0]
19: [0]
20: [0]
21: [0]
22: [0]
23: [0]
24: [0]
25: [0]
26: [0]
27: [0]
28: [0]
29: [0]
30: [0]

drive
1: [176, 209, 666]
2: [189, 267, 324, 369, 540]
3: [18, 64, 269, 291, 312, 469, 491, 649]
4: [72, 369, 584]
5: [64, 166, 177, 265, 446]
6: [19, 207, 218, 317, 397, 408, 431, 465, 615]
7: [89, 189, 255, 312, 425, 468, 543]
8: [228, 308, 366, 444, 546, 615]
9: [8, 30, 455, 606, 627]
10: [52, 117, 171, 194, 205, 292, 372, 383, 405, 417, 462, 550, 605, 662]
11: [272, 338, 360, 392, 416, 522, 635, 657]
12: [19, 65, 252, 406, 519, 553, 665]
13: [31, 179, 303, 541, 577, 599]
14: [43, 145, 224, 259, 414, 437, 482, 536, 582]
15: [142, 177, 234, 667]
16: [156, 293, 404, 595, 630]
17: [30, 128, 162, 228, 419, 554]
18: [8, 41, 106, 183, 207, 218, 250, 272, 317, 372, 395, 427, 485, 518]
19: [89, 122, 365, 376, 444, 478, 570, 603, 636, 648]
20: [41, 143, 266, 323, 389, 564]
21: [8, 348, 425, 523]
22: [42, 98, 109, 120, 254, 424, 446, 457, 638]
23: [20, 66, 305, 339, 629]
24: [121, 199, 210, 333, 344, 389, 525, 570, 581]
25: [166, 269, 292, 386, 408, 419, 473]
26: [29, 99, 289, 347, 390, 555, 566, 587, 598, 652]
27: [8, 42, 147, 180, 201, 268, 359, 383, 508, 519]
28: [54, 78, 171, 182, 193, 316, 339, 350, 509]
29: [20, 156, 263, 274, 320, 464, 475, 531, 588, 599, 654]
30: [19, 65, 130, 141, 295, 350, 395, 524, 594, 616, 637]

due
1: [12, 23, 34, 45, 56, 66, 76, 88, 99, 111, 123, 134, 145, 157, 168, 179, 190, 201, 212, 223, 233, 244, 255, 266, 278, 290, 301, 313, 325, 336, 347, 358, 369, 381, 392, 402, 413, 424, 436, 446, 457, 467, 478, 489, 500, 512, 523, 534, 546, 558, 569, 581, 593, 604, 616, 627, 637, 647, 658, 669]
2: [10, 22, 32, 43, 54, 66, 78, 90, 101, 112, 122, 134, 145, 156, 169, 181, 192, 203, 215, 225, 236, 247, 259, 270, 282, 293, 304, 316, 327, 337, 349, 361, 372, 383, 394, 405, 418, 429, 441, 453, 465, 476, 488, 499, 510, 521, 532, 543, 555, 566, 578, 588, 601, 612, 623, 635, 646, 657, 668, 678]
3: [10, 21, 32, 44, 56, 67, 79, 90, 102, 114, 124, 136, 147, 158, 169, 181, 192, 203, 215, 227, 239, 250, 261, 272, 283, 294, 304, 315, 326, 336, 347, 359, 370, 383, 395, 406, 417, 428, 439, 450, 461, 472, 483, 494, 506, 516, 528, 539, 550, 562, 573, 585, 596, 607, 619, 631, 641, 652, 663, 675]
4: [9, 21, 31, 42, 52, 64, 75, 86, 97, 107, 118, 129, 140, 152, 163, 174, 185, 196, 209, 221, 232, 244, 256, 269, 280, 292, 303, 314, 326, 338, 349, 361, 372, 383, 394, 407, 420, 431, 442, 453, 464, 477, 487, 499, 510, 521, 532, 543, 554, 564, 576, 587, 599, 610, 622, 634, 645, 656, 667, 678]
5: [11, 22, 32, 44, 56, 67, 78, 90, 102, 114, 125, 136, 147, 158, 169, 180, 191, 203, 214, 225, 236, 247, 257, 268, 280, 291, 303, 316, 327, 338, 349, 360, 371, 382, 393, 404, 415, 426, 438, 449, 461, 473, 484, 495, 505, 516, 527, 537, 548, 559, 570, 581, 591, 602, 613, 624, 635, 646, 657, 669]
6: [11, 22, 33, 44, 55, 65, 77, 87, 99, 110, 121, 131, 143, 154, 166, 177, 188, 199, 210, 221, 232, 242, 254, 265, 277, 288, 298, 309, 320, 331, 343, 355, 366, 377, 389, 400, 411, 423, 434, 445, 457, 468, 480, 491, 502, 514, 525, 536, 547, 558, 571, 583, 594, 606, 618, 629, 641, 651, 662, 673]
7: [11, 24, 35, 46, 57, 69, 81, 92, 103, 114, 125, 136, 147, 158, 170, 181, 192, 203, 214, 225, 236, 247, 258, 269, 280, 292, 304, 315, 327, 338, 349, 360, 371, 382, 394, 405, 417, 428, 438, 449, 460, 471, 482, 493, 504, 515, 525, 535, 546, 557, 568, 579, 591, 603, 613, 623, 633, 644, 656, 668]
8: [11, 23, 35, 46, 57, 68, 80, 91, 101, 111, 123, 133, 144, 155, 166, 177, 188, 199, 209, 220, 231, 242, 255, 267, 278, 289, 300, 311, 322, 334, 346, 358, 369, 380, 391, 403, 414, 424, 436, 447, 458, 470, 481, 492, 503, 514, 525, 537, 549, 560, 573, 584, 596, 607, 618, 628, 640, 651, 663, 674]
9: [11, 22, 33, 46, 58, 69, 79, 90, 101, 112, 122, 133, 144, 155, 167, 178, 189, 200, 210, 222, 233, 245, 257, 268, 280, 291, 302, 314, 325, 336, 346, 357, 368, 379, 391, 401, 412, 424, 435, 447, 458, 470, 481, 492, 504, 515, 528, 540, 552, 564, 574, 587, 598, 609, 619, 630, 641, 653, 665, 676]
10: [11, 22, 33, 44, 55, 65, 76, 87, 98, 109, 120, 131, 142, 152, 163, 174, 186, 197, 208, 220, 231, 242, 252, 263, 273, 284, 295, 306, 319, 330, 342, 353, 364, 375, 386, 397, 408, 420, 432, 442, 454, 465, 477, 488, 498, 508, 519, 531, 542, 553, 564, 576, 587, 597, 608, 619, 631, 643, 654, 665]
11: [11, 23, 34, 45, 55, 65, 75, 85, 96, 107, 119, 130, 141, 152, 164, 175, 186, 197, 208, 220, 231, 242, 254, 264, 275, 287, 298, 309, 319, 330, 341, 352, 363, 374, 384, 395, 407, 419, 432, 444, 455, 468, 480, 492, 503, 514, 525, 536, 547, 558, 570, 580, 592, 604, 616, 627, 638, 649, 660, 672]
12: [11, 22, 33, 45, 57, 68, 79, 90, 103, 114, 125, 136, 147, 157, 167, 178, 189, 199, 210, 221, 233, 244, 255, 267, 277, 288, 299, 311, 322, 333, 345, 356, 367, 377, 387, 398, 409, 420, 431, 443, 455, 466, 477, 489, 500, 511, 522, 533, 545, 556, 567, 579, 590, 601, 612, 624, 635, 646, 657, 668]
13: [11, 23, 34, 45, 57, 68, 80, 91, 102, 114, 125, 137, 148, 160, 171, 182, 193, 204, 217, 228, 240, 251, 262, 274, 284, 295, 306, 317, 329, 340, 351, 364, 375, 387, 399, 410, 422, 433, 444, 456, 467, 478, 489, 500, 511, 521, 533, 544, 555, 568, 580, 591, 602, 613, 623, 635, 646, 657, 669, 680]
14: [10, 22, 34, 46, 58, 70, 81, 92, 102, 113, 125, 137, 148, 160, 171, 182, 194, 205, 216, 227, 239, 251, 262, 273, 285, 296, 307, 318, 329, 341, 351, 362, 373, 384, 395, 406, 417, 429, 440, 452, 463, 474, 485, 495, 506, 517, 528, 539, 551, 562, 574, 585, 596, 606, 617, 629, 639, 651, 663, 675]
15: [12, 23, 34, 45, 57, 68, 79, 90, 101, 112, 123, 134, 145, 156, 168, 180, 191, 202, 214, 226, 237, 249, 261, 273, 284, 294, 306, 317, 329, 340, 351, 362, 373, 383, 394, 405, 415, 426, 437, 448, 459, 469, 481, 491, 503, 514, 525, 536, 548, 559, 570, 582, 593, 603, 614, 625, 636, 648, 659, 670]
16: [11, 22, 33, 43, 54, 67, 79, 91, 102, 114, 126, 136, 148, 159, 171, 183, 195, 207, 218, 229, 240, 251, 262, 273, 285, 296, 307, 318, 329, 340, 351, 363, 373, 384, 396, 407, 419, 431, 442, 453, 464, 476, 488, 499, 509, 520, 531, 542, 553, 564, 577, 587, 598, 610, 622, 633, 644, 656, 667, 678]
17: [12, 22, 33, 44, 55, 66, 76, 87, 98, 109, 120, 131, 142, 153, 165, 175, 186, 197, 209, 220, 231, 242, 253, 264, 276, 287, 300, 311, 322, 333, 345, 356, 367, 378, 389, 400, 411, 422, 434, 446, 457, 468, 480, 491, 501, 512, 523, 535, 546, 557, 568, 579, 591, 603, 615, 627, 638, 649, 660, 671]
18: [11, 21, 32, 44, 55, 65, 77, 87, 98, 109, 119, 131, 142, 152, 164, 175, 186, 198, 210, 221, 232, 242, 253, 264, 275, 285, 297, 309, 320, 330, 341, 352, 364, 375, 386, 398, 409, 419, 430, 442, 455, 466, 477, 488, 499, 510, 521, 532, 543, 554, 566, 579, 590, 601, 612, 622, 634, 646, 659, 671]
19: [11, 23, 35, 46, 57, 68, 81, 92, 103, 114, 125, 136, 147, 157, 167, 178, 189, 202, 213, 225, 236, 248, 260, 270, 281, 292, 302, 313, 323, 334, 346, 357, 368, 379, 391, 402, 414, 425, 436, 447, 459, 470, 481, 493, 505, 517, 527, 537, 550, 562, 573, 585, 595, 606, 617, 628, 639, 651, 662, 673]
20: [10, 22, 33, 44, 55, 67, 78, 90, 101, 112, 124, 135, 146, 156, 167, 179, 190, 201, 212, 223, 234, 245, 258, 269, 281, 292, 303, 315, 326, 337, 348, 359, 370, 381, 392, 402, 412, 423, 435, 446, 457, 467, 478, 491, 502, 512, 523, 533, 544, 556, 567, 578, 588, 600, 612, 623, 634, 645, 655, 666]
21: [11, 24, 35, 47, 58, 70, 82, 94, 105, 116, 127, 137, 147, 160, 170, 181, 192, 203, 214, 225, 236, 248, 259, 269, 281, 292, 303, 315, 327, 340, 351, 363, 374, 385, 396, 406, 417, 428, 439, 450, 461, 472, 483, 494, 504, 515, 526, 537, 548, 559, 571, 582, 594, 605, 615, 625, 637, 649, 660, 672]
22: [12, 24, 34, 45, 56, 68, 79, 90, 101, 112, 123, 135, 146, 157, 169, 180, 191, 201, 213, 223, 234, 246, 257, 268, 279, 290, 301, 312, 325, 337, 348, 360, 371, 383, 394, 405, 416, 427, 438, 449, 460, 472, 484, 496, 507, 518, 529, 540, 551, 562, 573, 584, 595, 606, 617, 629, 641, 653, 665, 677]
23: [12, 23, 34, 45, 58, 69, 81, 91, 104, 115, 128, 140, 152, 163, 174, 185, 196, 208, 219, 230, 241, 252, 263, 274, 286, 297, 308, 320, 331, 342, 353, 365, 376, 387, 397, 410, 421, 432, 444, 454, 464, 475, 485, 497, 508, 519, 530, 543, 555, 565, 576, 587, 598, 610, 621, 632, 642, 652, 663, 675]
24: [11, 21, 33, 45, 56, 67, 78, 89, 101, 113, 124, 136, 146, 158, 168, 180, 191, 202, 213, 225, 237, 248, 260, 271, 281, 292, 303, 314, 325, 336, 347, 358, 370, 381, 392, 404, 416, 426, 438, 450, 461, 472, 484, 495, 507, 517, 528, 539, 550, 562, 573, 584, 595, 606, 617, 628, 640, 652, 664, 675]
25: [10, 21, 33, 45, 56, 67, 77, 88, 101, 112, 125, 136, 147, 158, 169, 180, 192, 204, 215, 227, 237, 249, 261, 272, 284, 295, 307, 318, 329, 341, 354, 365, 378, 389, 400, 411, 422, 433, 444, 454, 465, 476, 488, 499, 511, 521, 533, 545, 557, 569, 580, 591, 601, 612, 624, 634, 645, 656, 668, 679]
26: [10, 21, 32, 45, 57, 68, 80, 91, 102, 114, 126, 136, 149, 160, 171, 182, 192, 202, 212, 223, 234, 246, 258, 270, 281, 292, 304, 315, 326, 338, 350, 360, 371, 382, 393, 404, 415, 426, 436, 448, 459, 471, 482, 493, 504, 515, 526, 537, 547, 558, 569, 579, 590, 601, 612, 623, 633, 644, 655, 666]
27: [11, 23, 34, 45, 57, 69, 82, 93, 104, 115, 128, 139, 150, 161, 172, 183, 193, 204, 215, 226, 237, 249, 260, 271, 282, 292, 304, 315, 327, 340, 351, 362, 374, 386, 397, 408, 420, 431, 442, 454, 465, 477, 488, 500, 511, 522, 533, 544, 555, 565, 576, 587, 598, 610, 622, 633, 643, 655, 667, 678]
28: [11, 23, 34, 46, 57, 69, 81, 93, 105, 117, 129, 140, 152, 163, 174, 185, 196, 208, 218, 228, 239, 251, 262, 273, 285, 296, 308, 319, 331, 342, 353, 364, 375, 386, 397, 409, 421, 432, 444, 455, 467, 478, 488, 500, 512, 524, 536, 547, 559, 570, 582, 593, 605, 615, 626, 637, 648, 660, 671, 682]
29: [12, 23, 35, 47, 58, 69, 81, 92, 103, 115, 126, 137, 148, 159, 169, 180, 192, 202, 213, 224, 234, 245, 255, 266, 277, 289, 300, 312, 323, 335, 346, 357, 368, 380, 391, 402, 412, 423, 434, 445, 456, 467, 478, 489, 501, 512, 523, 534, 545, 555, 568, 580, 591, 602, 614, 625, 635, 646, 657, 668]
30: [11, 22, 34, 46, 57, 68, 79, 90, 100, 110, 122, 133, 144, 154, 164, 175, 186, 198, 209, 219, 229, 241, 253, 264, 276, 287, 298, 309, 320, 331, 342, 353, 364, 375, 386, 398, 408, 419, 430, 441, 452, 462, 472, 483, 494, 505, 516, 527, 538, 550, 562, 574, 586, 597, 608, 619, 629, 640, 650, 662]

econom
1: [147, 257, 292, 303, 480, 571, 629]
2: [56, 217, 329, 385, 534]
3: [183, 194, 205, 274, 441, 452]
4: [23, 66, 340, 444, 455, 479, 512, 647]
5: [58, 160, 463, 486, 583]
6: [24, 57, 212, 256, 290, 322, 538, 549, 573]
7: [216, 282, 362, 373, 440, 506, 527, 548, 658]
8: [59, 146, 280, 291, 313, 336, 360, 505]
9: [48, 81, 124, 157, 169, 224, 235, 259, 327, 348, 359, 542, 566, 611, 643, 667]
10: [67, 199, 344, 467, 500, 510, 544, 656]
11: [13, 36, 77, 222, 311, 386, 397, 446, 527, 629]
12: [24, 369, 468, 502, 547]
13: [36, 82, 116, 480, 491, 535, 659]
14: [127, 150, 196, 386, 408, 564, 576, 619, 665]
15: [36, 114, 228, 331, 364, 417, 439, 483, 550]
16: [45, 69, 264, 386, 398, 466, 490, 579, 658]
17: [144, 188, 302, 358, 459, 482, 493, 514, 570, 605]
18: [89, 100, 111, 133, 299, 354, 411, 545]
19: [59, 262, 272, 304, 427, 449, 564, 575]
20: [12, 225, 236, 271, 437, 469, 493, 514, 535, 625]
21: [118, 216, 283, 294, 419, 430, 441, 584, 639, 662]
22: [114, 248, 350, 396, 486, 597, 619, 655]
23: [71, 106, 176, 210, 276, 367, 378, 446, 466, 589, 665]
24: [182, 227, 239, 552, 630]
25: [229, 424]
26: [47, 151, 194, 214, 294, 450, 473]
27: [294, 502, 600, 657, 669]
28: [13, 25, 83, 210, 287, 355, 595, 673]
29: [139, 268, 491, 525, 547, 582, 648]
30: [366, 410, 421, 432, 474, 496, 588, 599, 642]

economi
1: [211, 232, 451, 456, 586, 621]
2: [72, 186, 326, 446, 493, 498]
3: [640, 674]
4: [14, 195, 237, 366, 413]
5: [224, 241, 256]
6: [49, 354, 388, 640]
7: [124, 291, 404, 584, 643]
8: [5, 16, 28, 90, 128, 230, 339]
9: [3, 396, 675]
10: [38, 64, 86, 168, 341, 503, 592, 648]
11: [84, 118]
12: [298, 454]
13: [289, 334, 679]
14: [57, 306, 484]
15: [5, 33, 174, 464, 598, 630]
16: [113, 170, 228]
17: [293, 344, 410, 456]
18: [3, 147, 302, 347, 465, 526, 572, 584, 640]
19: [254, 269, 362, 667]
20: [54, 155, 490, 507, 622, 654]
21: [132, 136, 153, 197, 460, 525, 654]
22: [185, 426, 483, 506, 534]
23: [257, 268, 352, 381, 426, 586]
24: [20, 123, 196, 663]
25: [520, 538, 590, 618]
26: [170, 181, 303, 552, 638]
27: [203, 259, 339, 532, 538]
28: [56, 173, 201, 358, 431, 466, 493, 587]
29: [131, 191, 218, 311, 351, 651, 656]
30: [169, 347, 407, 457, 645]

ecosystem
11: [3]

educ
19: [2]

employ
1: [128, 206, 283, 386, 522, 632]
2: [59, 84, 197, 202, 292, 309, 360, 577]
3: [2, 55, 96, 119, 202, 260, 358, 499, 590, 612]
4: [202, 388, 425, 482]
5: [370, 398, 532]
6: [220, 226, 422, 439, 490]
7: [68, 213, 454, 562, 632]
8: [22, 45, 204, 379, 441, 446, 612, 645]
9: [63, 95, 205, 273, 614, 624]
10: [27, 518, 524, 530]
11: [39, 60, 292, 303, 497]
12: [272, 344, 382]
13: [5, 283, 392, 455, 466, 483, 585]
14: [15, 193, 210, 490, 561, 638, 668]
15: [289, 350, 367, 613, 635]
16: [78, 295, 487, 638, 672]
17: [152, 180, 236, 479, 528, 602]
18: [258, 397, 424, 429]
19: [45, 162, 218, 307, 318, 322, 511]
20: [184, 222, 417, 583, 599, 617]
21: [23, 379, 449]
22: [23, 256, 382, 495, 517, 539]
23: [213, 370, 375, 496, 518, 536, 626]
24: [44, 141, 207, 230, 242, 280, 302, 612]
25: [146, 152, 163, 347, 487]
26: [38, 154, 589]
27: [231, 396, 425, 549]
28: [168, 278, 408, 487, 636]
29: [17, 417, 506, 596]
30: [21, 163, 252, 319, 521, 602]

empower
22: [3]

energi
24: [3]

environment
21: [2]

export
23: [2]

fdi
25: [2]

financ
1: [61, 71, 82, 98, 139, 150, 335, 580]
2: [9, 111, 246]
3: [49, 320, 382]
4: [85, 226, 262, 419]
5: [27, 95, 208, 343, 387, 623]
6: [365]
7: [56, 91, 157, 169, 333, 422, 470, 476, 530, 540]
8: [67, 85, 149, 182, 374, 480, 486, 559]
9: [194, 209, 629]
10: [114, 191, 225, 272, 329, 636]
11: [95, 253, 357]
12: [56, 96, 113, 361, 392]
13: [22, 73, 165]
14: [80, 267, 278, 527]
15: [111, 150, 167, 658]
16: [5, 32, 101, 147, 245, 412]
17: [108, 185, 269, 282, 305, 316, 355]
18: [43, 82, 141, 163, 247, 280, 284, 414, 600]
19: [86]
20: [61, 233]
21: [253, 433, 493, 610]
22: [100, 336, 489, 635, 670, 676]
23: [151, 195, 392, 484, 651]
24: [94, 346, 421, 627]
25: [87, 168, 464, 574]
26: [15, 31, 96, 191, 217, 420, 563]
27: [87, 430, 677]
28: [506, 631]
29: [41, 396, 422, 483, 613]
30: [10, 303, 314, 336, 385, 510]

financi
16: [2]

fiscal
1: [101, 235, 315, 404, 649]
2: [34, 45, 183, 249, 339, 396, 648, 659]
3: [34, 116, 138, 419, 430, 474]
4: [131, 305, 433, 589]
5: [149, 182, 238, 395, 507, 539, 572, 615]
6: [101, 156, 300, 413, 482]
7: [194, 271, 340, 451, 495, 517]
8: [70, 93, 168, 211, 598]
9: [60, 92, 282, 403, 589, 600]
10: [100, 188, 286, 388, 399, 521, 533, 566, 589]
11: [87, 98, 494, 516, 572, 662, 674]
12: [13, 105, 127, 191, 212, 389, 411, 445, 535, 603, 626, 637, 648]
13: [13, 173, 366, 377, 389, 682]
14: [139, 519, 541, 553, 598]
15: [396, 407, 461, 527, 538, 605, 638, 672]
16: [81, 128, 309, 409, 555, 624]
17: [68, 78, 100, 167, 233, 369, 525, 537, 548]
18: [57, 79, 154, 432, 512, 523, 581]
19: [25, 83, 105, 127, 149, 215, 294, 461, 630]
20: [24, 80, 203, 283, 328, 361, 372, 394, 414, 459, 525]
21: [183, 452, 463, 474, 528, 607, 627]
22: [36, 92, 103, 281, 339, 373, 429, 509, 553]
23: [265, 333, 499, 510]
24: [13, 80, 91, 115, 160, 193, 394, 406, 463, 519, 541]
25: [138, 149, 286, 320, 413, 467, 582, 593]
26: [59, 204, 362, 384, 592, 603, 614, 646]
27: [106, 141, 185, 195, 206, 228, 239, 273, 479, 524]
28: [119, 142, 198, 253, 264, 366]
29: [182, 215, 236, 325, 414, 469, 604, 627]
30: [70, 112, 266, 300, 311, 322, 464, 518, 552, 621, 652]

foreign
8: [2]

gdp
1: [2, 391, 429, 517, 598, 603]
2: [565, 600]
3: [89, 123, 282, 303, 444, 455]
4: [123, 249, 274, 470]
5: [77, 174, 274, 279, 575, 618]
6: [54, 330, 416, 462, 617]
7: [268, 376, 427, 443, 667]
8: [132, 310, 333, 419, 498]
9: [5, 16, 68, 100, 215, 362, 469, 597]
10: [305, 385, 441]
11: [28, 124, 157, 196, 225, 473, 563]
12: [162, 194, 397]
13: [39, 131, 339, 386, 601]
14: [21, 75, 91, 479, 533, 605]
15: [50, 122, 213, 361, 420, 425, 497]
16: [53, 60, 158, 177, 339, 395, 609, 627]
17: [11, 86, 191, 214, 258, 584]
18: [374, 418, 595]
19: [41, 146, 378, 390, 616]
20: [129, 375]
21: [29, 46, 52, 180, 320, 466]
22: [156, 311, 365, 370, 545, 561]
23: [63, 235, 453, 560, 575, 662]
24: [66, 212, 265, 330, 455, 494, 651, 674]
25: [32, 61, 364, 405, 459, 644]
26: [381, 387, 442]
27: [33, 68, 297, 309, 499, 505, 586]
28: [546, 625]
29: [114, 207, 250, 379, 533, 630]
30: [51, 95, 138, 269, 352, 424, 446, 628, 655]

global
1: [78, 90, 113, 268, 371]
2: [68, 80, 124, 158, 272, 407, 455, 478, 545, 590]
3: [92, 126, 217, 372, 677]
4: [54, 198, 258, 328, 396, 409, 466, 489, 601, 612]
5: [80, 138, 270, 305, 373, 637]
6: [67, 267, 447, 470, 504, 560, 608]
7: [13, 26, 59, 329, 384]
8: [113, 244, 348, 393, 494, 539, 562, 653, 665]
9: [35, 304, 460, 472, 517, 554, 576]
10: [154, 308, 332, 410, 422, 555, 578]
11: [244, 277, 409, 421, 434, 457, 482, 582]
12: [35, 70, 92, 257, 457, 614]
13: [104, 127, 150, 206, 353, 446, 557, 570, 637]
14: [36, 60, 83, 115, 173, 641]
15: [170, 204, 275, 296, 493, 572]
16: [56, 173, 455, 566, 680]
17: [155, 278, 289]
18: [34, 67, 121, 200, 343, 388, 444, 568, 624, 636, 648, 661]
19: [13, 37, 70, 94, 191, 227, 250, 404, 483, 507, 539, 552, 641]
20: [57, 214, 247, 339, 480, 546, 590]
21: [13, 149, 305, 329]
22: [58, 203, 303, 314, 631, 679]
23: [47, 93, 117, 130, 154, 399, 434, 532, 545, 600]
24: [148, 497, 608, 654]
25: [90, 114, 217, 297, 331, 343, 367, 391, 501, 547, 614, 670]
26: [34, 138, 340, 438, 495]
27: [71, 117, 329, 376, 410, 444, 467]
28: [71, 241, 298, 411, 502, 572]
29: [37, 117, 279, 302, 447, 514, 557, 670]
30: [388, 664]

govern
1: [28, 47, 65, 156, 170, 184, 200, 203, 280, 349, 394, 459, 469, 525, 560, 615, 618, 639, 652, 660]
2: [24, 89, 92, 103, 114, 147, 171, 174, 276, 284, 315, 318, 428, 501, 667]
3: [12, 69, 81, 171, 433, 518, 530, 552, 578, 598, 609, 633, 651, 654, 657]
4: [96, 128, 168, 223, 282, 291, 316, 578, 616, 621, 624]
5: [24, 34, 193, 216, 249, 318, 329, 351, 500, 553, 561, 651, 671]
6: [32, 46, 79, 133, 179, 311, 325, 425, 493, 516, 620, 664, 667]
7: [5, 149, 160, 186, 219, 306, 430, 462, 559, 635, 655]
8: [10, 37, 48, 179, 190, 257, 266, 269, 302, 566, 589, 657, 676]
9: [191, 212, 247, 285, 293, 367, 621, 640]
10: [24, 35, 46, 54, 125, 144, 222, 297, 321, 419, 447, 482, 536, 633]
11: [25, 132, 259, 400, 530, 535, 671]
12: [6, 32, 47, 74, 78, 235, 324, 422, 561, 581]
13: [47, 62, 67, 162, 195, 230, 253, 276, 331, 401, 435]
14: [4, 12, 159, 162, 256, 334, 419, 579]
15: [11, 95, 147, 182, 216, 231, 334, 375, 431, 442, 508, 608]
16: [13, 72, 150, 197, 231, 275, 290, 342, 478, 481, 589]
17: [24, 27, 174, 211, 255, 313, 402, 439, 559, 596, 651]
18: [10, 16, 223, 231, 234, 287, 377, 385, 421, 592, 603, 614, 670]
19: [10, 180, 238, 259, 336, 348, 370, 587]
20: [111, 200, 331, 407, 517, 611, 614, 639, 668]
21: [37, 69, 139, 250, 261, 387, 550, 573, 674]
22: [193, 292, 327, 330, 359, 418, 440, 608]
23: [14, 28, 364, 521, 634, 677]
24: [23, 69, 138, 201, 283, 294, 428, 452, 486, 512, 522, 564, 597, 639, 666]
25: [26, 47, 182, 221, 263, 294, 309, 328, 356, 432, 481, 513, 523, 636]
26: [107, 173, 225, 228, 236, 248, 251, 257, 283, 344, 376, 431, 484, 560, 606, 625]
27: [25, 62, 353, 385, 422, 581, 612, 624, 645]
28: [92, 107, 131, 176, 187, 223, 272, 275, 324, 374, 549, 561, 576, 662]
29: [52, 105, 204, 226, 291, 348, 411, 458, 550, 570, 659]
30: [59, 81, 84, 146, 156, 234, 243, 278, 308, 435, 529, 585, 610, 613, 649, 661]

growth
1: [3, 44, 173]
2: [31, 121, 150, 252, 287]
3: [37, 325, 646]
4: [255, 319, 441]
5: [37, 190, 302, 494, 641]
6: [176, 535, 576, 588]
7: [113, 520, 551]
8: [154, 299, 530, 548]
9: [279]
10: [92, 630]
11: [5, 180, 373, 546, 575, 654]
12: [39, 183, 471, 589, 656, 667]
13: [44, 192, 369, 538]
14: [350, 389, 473]
15: [56, 179, 225, 378, 474, 624]
16: [21, 182, 250, 323]
17: [43, 136, 252, 405, 467, 506]
18: [226, 263, 531]
19: [135, 286, 291, 408, 661]
20: [38, 151, 274, 297, 466, 555, 644]
21: [5, 10, 87, 169, 368, 401, 411, 514, 531]
22: [11, 273, 284, 307, 324, 388]
23: [285, 313, 502, 647]
24: [16, 26, 61, 253, 324, 572]
25: [232, 353, 395, 443]
26: [85, 101, 233, 476, 525, 578, 584]
27: [345, 448]
28: [569, 676]
29: [179, 201, 212]

healthcar
20: [2]

impact
1: [63, 73, 96, 230, 399, 443, 464, 634, 644]
2: [29, 119, 222, 334, 585, 675]
3: [121, 301, 333, 513, 638]
4: [6, 28, 49, 104, 484, 561, 607]
5: [29, 144, 254, 379, 502, 534, 588, 643]
6: [62, 84, 128, 239, 295, 648]
7: [32, 335, 435, 522, 532, 610, 620, 630]
8: [98, 108, 130, 206, 421, 500, 625, 671]
9: [76, 119, 207, 343, 398, 478, 571, 616]
10: [62, 149, 160, 249, 270, 439, 495, 505, 561, 584, 594]
11: [52, 62, 72, 82, 261, 316, 381, 577]
12: [8, 76, 154, 164, 196, 274, 374, 384, 463]
13: [281, 518, 620, 643]
14: [89, 99, 179, 348, 492, 603, 636]
15: [281, 291, 380, 412, 466, 488, 600]
16: [40, 133, 370, 461, 506, 584]
17: [19, 73, 172, 284, 498]
18: [18, 62, 84, 116, 149, 239, 282, 327, 349, 416, 619]
19: [43, 100, 154, 164, 233, 267, 299, 320, 524, 534, 592]
20: [7, 153, 220, 345, 399, 409, 464, 509, 530, 585, 652]
21: [134, 144, 167, 266, 403, 501, 612, 622]
22: [31, 198, 220, 309]
23: [88, 160, 394, 451, 461, 482, 562, 639, 649]
24: [18, 143, 165, 278, 423, 514, 614]
25: [74, 234, 397, 451, 518, 598, 631, 676]
26: [133, 189, 199, 209, 357, 433, 501, 544, 576, 630]
27: [190, 289, 562, 640]
28: [215, 225, 485, 612]
29: [123, 166, 199, 231, 252, 409, 453, 520, 552, 632]
30: [97, 107, 151, 161, 216, 226, 405, 459, 469, 626, 647]

import
23: [3]

inclus
16: [3]

incom
28: [2]

india
1: [104, 167, 357, 363, 511]
2: [37, 100, 214, 382, 515, 677]
3: [20, 416, 493]
4: [360, 458, 520, 548, 650]
5: [119, 326, 377, 460, 521]
6: [38, 271, 293]
7: [163, 326, 596, 649]
8: [73, 117, 345, 524, 623, 662]
9: [117, 143, 301, 480, 635]
10: [278, 358, 369]
11: [54, 191, 230, 241, 263, 413, 637]
12: [4, 249, 276, 366, 476, 527, 611]
13: [50, 227, 300, 567]
14: [33, 119, 221, 261, 650]
15: [28, 248, 587, 653, 664]
16: [261, 362, 530]
17: [125, 299, 556]
18: [369, 435, 454, 487, 537, 559, 628]
19: [183, 594, 600]
20: [72, 440, 532, 550]
21: [110, 115, 146, 241, 345]
22: [128, 471, 578, 658]
23: [190, 251, 449, 542]
24: [163, 173, 247, 276, 308, 357, 403, 437, 477, 506, 555]
25: [493, 532, 562]
26: [197]
27: [98, 281, 373, 521]
28: [347, 592, 653]
29: [57, 158, 367, 544, 585]
30: [33, 78, 89, 429, 537, 555]

industri
1: [87, 418, 477, 494, 642]
2: [371, 399, 459]
3: [521]
4: [563, 586]
5: [16, 72, 202, 315, 483]
6: [204]
7: [102, 230, 274]
8: [160, 165, 272, 363, 429, 536, 673]
9: [89, 111, 313, 491, 545, 664]
10: [347, 582, 653]
11: [169, 335, 502, 508]
12: [538, 645]
13: [85, 101, 516]
14: [45, 51, 107, 226, 378, 494, 544, 601]
15: [144, 535, 553, 576]
16: [135, 301, 508]
17: [49, 60, 350, 416, 517, 608]
18: [5, 38, 241, 460, 471]
19: [113, 301, 396, 413, 498, 532, 567, 578]
20: [66, 206, 391, 587, 665]
21: [121, 175, 186, 309, 395, 587, 665]
22: [106, 262, 289, 353, 432, 583]
23: [121, 145, 158, 246, 358, 443, 674]
24: [83, 112, 425, 460, 567, 589]
25: [66, 130, 470, 568, 623]
26: [509]
27: [5, 92, 254, 380, 487]
28: [51, 233, 256, 415, 604]
29: [108, 439, 601]
30: [246, 281, 341, 634]

inequ
28: [3]

inflat
1: [243, 249, 260, 289, 330, 397, 488, 626]
2: [2, 168, 224, 298, 440, 560, 571, 583]
3: [186, 226, 309, 388, 449, 488, 595]
4: [41, 436, 609]
5: [5, 354, 510, 526]
6: [60, 104, 259, 342, 360, 376, 623]
7: [146, 359, 459, 487]
8: [385, 457, 508, 513, 633]
9: [21, 32, 244, 417]
10: [10, 32, 75, 283, 318, 363, 407, 497, 507, 563, 624]
11: [16, 185, 329, 418, 425]
12: [10, 141, 321, 516, 521, 566]
13: [147, 222, 273, 374, 450, 561]
14: [457]
15: [62, 272, 372, 393, 436]
16: [48, 278, 475, 621, 666]
17: [5, 225, 275, 562, 620, 670]
18: [64, 169, 269, 340, 351, 357, 515]
19: [51, 312]
20: [195, 320, 336, 472, 484]
21: [488, 542]
22: [95, 567]
23: [168, 307, 341, 549, 609, 631]
24: [352, 483]
25: [106, 124, 179, 678]
26: [20, 79, 207, 275, 291, 337, 398, 481, 654, 665]
27: [16, 220, 265, 516, 638]
28: [16, 28, 39, 261, 517]
29: [46, 223, 239, 317, 334, 528]
30: [2, 121, 292, 380, 499, 526]

influenc
1: [19, 41, 52, 262, 274, 365, 453]
2: [50, 289, 379, 390, 642]
3: [143, 199, 446, 546, 592]
4: [82, 159, 181, 228, 299, 310, 438, 460, 506, 550, 652]
5: [86, 287, 323, 334, 491, 555, 577, 598]
6: [51, 73, 150, 273, 362, 373, 658]
7: [42, 121, 177, 221, 276, 356, 378, 575]
8: [119, 151, 162, 173, 274, 354, 376, 387, 580, 603]
9: [18, 86, 229, 310, 364]
10: [138, 227, 238, 259, 280, 484, 538, 650]
11: [182, 193, 204, 250, 488]
12: [143, 363, 653]
13: [7, 41, 133, 144, 189, 224, 247, 371, 429, 463, 474, 551, 676]
14: [77, 121, 167, 391, 502]
15: [30, 302, 358, 499, 510, 532, 589]
16: [179, 214, 225, 516, 560]
17: [51, 62, 149, 307, 318, 363, 575, 645]
18: [94, 171, 597, 608, 667]
19: [19, 143, 353, 489, 658]
20: [108, 186, 333, 355, 366, 377, 474]
21: [101, 112, 123, 177, 188, 210, 232, 255, 299, 413, 435, 457, 533, 544, 656]
22: [86, 187, 412, 547, 602]
23: [259, 327, 349, 383, 504, 515, 551, 606, 659]
24: [7, 74, 187, 244, 267, 660]
25: [108, 303, 429, 507, 587, 608, 641, 652]
26: [6, 64, 156, 311, 322, 400, 411, 533, 662]
27: [111, 135, 157, 233, 278, 551, 629, 674]
28: [159, 258, 474, 578, 589]
29: [43, 99, 176, 241, 342, 387, 430, 621, 664]
30: [205, 316, 448]

infrastructur
1: [272, 352, 407]
2: [15, 235, 423, 526, 531, 549, 634]
3: [9, 299, 369, 400, 411, 630]
4: [332, 463, 559]
5: [185, 252, 262, 290, 489, 536, 569, 668]
6: [115, 148, 215, 247, 530, 564, 650]
7: [3, 279, 297, 556, 573, 612]
8: [40, 62, 138]
9: [39, 57, 290, 497, 551]
10: [49, 464]
11: [44, 579]
12: [50, 327, 350, 403, 499, 618]
13: [10, 113, 239, 472, 628]
14: [87, 340, 674]
15: [67, 84, 219, 300, 356, 410]
16: [188, 284, 317, 436, 536, 563, 632]
17: [119, 164, 170, 490, 590, 614]
18: [71, 180, 274, 606, 652]
19: [172, 424, 475, 492, 526, 556, 605]
20: [15, 21, 49, 95, 100, 347, 422, 660]
21: [99, 104, 219, 314, 482, 509]
22: [50, 122, 162, 179, 572, 600, 605]
23: [11, 44, 74, 319, 564]
24: [179, 375, 466, 527, 583]
25: [135, 289, 371]
26: [222, 263, 297, 355, 503, 536, 542, 660]
27: [127, 138, 155, 453, 527]
28: [86, 195, 295, 523]
29: [97, 340, 373, 619]
30: [228, 286, 297, 363, 451, 515, 596]

initi
1: [55, 148, 222, 258, 293, 304, 346, 481, 572, 630]
2: [57, 95, 218, 303, 330, 348, 386, 535, 537]
3: [26, 168, 184, 195, 206, 271, 275, 277, 442, 453, 572]
4: [24, 67, 74, 80, 341, 445, 456, 480, 513, 648]
5: [59, 66, 161, 230, 296, 381, 464, 487, 584]
6: [25, 58, 187, 213, 257, 291, 297, 323, 410, 501, 539, 550, 574, 646]
7: [97, 119, 141, 217, 283, 363, 374, 441, 507, 528, 549, 628, 659]
8: [34, 60, 147, 241, 281, 288, 292, 305, 314, 337, 361, 413, 506, 519, 595, 627]
9: [27, 49, 82, 125, 158, 170, 225, 236, 260, 328, 349, 360, 429, 476, 543, 567, 586, 603, 612, 644, 646, 668]
10: [68, 70, 136, 196, 200, 345, 352, 468, 501, 511, 545, 596, 657]
11: [14, 37, 78, 112, 223, 312, 351, 362, 387, 398, 447, 528, 630]
12: [25, 67, 156, 166, 220, 226, 254, 304, 370, 430, 469, 503, 510, 548]
13: [37, 83, 117, 159, 176, 350, 481, 492, 536, 660]
14: [128, 151, 197, 199, 383, 387, 409, 565, 577, 620, 622, 666]
15: [17, 37, 89, 115, 229, 254, 260, 266, 332, 365, 399, 418, 440, 468, 484, 547, 551]
16: [46, 70, 90, 164, 265, 312, 387, 399, 467, 491, 552, 580, 592, 659]
17: [38, 75, 145, 189, 303, 359, 372, 377, 421, 460, 483, 494, 515, 571, 573, 606, 659]
18: [90, 92, 101, 112, 130, 134, 296, 300, 355, 412, 482, 493, 546, 565]
19: [60, 62, 263, 273, 305, 333, 428, 450, 565, 576]
20: [13, 117, 178, 226, 237, 272, 401, 438, 470, 494, 515, 536, 626]
21: [119, 165, 217, 284, 295, 373, 416, 420, 431, 442, 477, 520, 585, 640, 663]
22: [55, 115, 190, 207, 249, 351, 397, 487, 598, 620, 656]
23: [68, 72, 107, 177, 211, 277, 368, 379, 409, 447, 467, 590, 637, 666]
24: [152, 183, 228, 240, 286, 291, 533, 553, 631]
25: [100, 111, 185, 230, 277, 425, 579, 661]
26: [48, 113, 152, 165, 195, 215, 295, 451, 474, 487, 520]
27: [56, 295, 356, 361, 391, 503, 601, 658, 670]
28: [14, 26, 75, 84, 211, 238, 288, 356, 596, 674]
29: [140, 269, 492, 494, 526, 548, 583, 649]
30: [5, 224, 367, 403, 411, 422, 433, 475, 497, 589, 591, 600, 618, 624, 639, 643]

intervent
1: [48, 171, 204, 281, 350, 395, 460, 470, 526, 561, 619, 640, 661]
2: [25, 93, 104, 115, 148, 172, 285, 319, 502]
3: [13, 70, 82, 172, 519, 531, 553, 599, 610, 634, 655]
4: [224, 283, 317, 579, 625]
5: [25, 35, 194, 217, 250, 319, 330, 352, 562, 672]
6: [47, 80, 134, 180, 312, 426, 494, 517, 621, 665]
7: [150, 161, 307, 431, 463, 560, 636]
8: [38, 49, 180, 191, 258, 270, 303, 677]
9: [192, 213, 248, 294, 622]
10: [25, 36, 47, 145, 223, 298, 322, 634]
11: [26, 133]
12: [48, 236, 325, 423, 582]
13: [48, 163, 196, 231, 254, 277, 332, 402, 436]
14: [13, 163, 420]
15: [148, 183, 217, 376]
16: [14, 151, 198, 232, 276, 343, 479, 590]
17: [25, 212, 256, 314, 403, 560, 652]
18: [224, 235, 288, 378, 422, 593, 604, 615]
19: [181, 239, 337, 349, 371, 588]
20: [615, 669]
21: [38, 140, 251, 262, 388, 551, 574, 675]
22: [194, 293, 328, 419, 441, 609]
23: [15, 522, 635, 678]
24: [24, 70, 139, 284, 295, 429, 453, 487, 565, 598, 667]
25: [48, 183, 264, 310, 357, 514, 524, 637]
26: [174, 226, 237, 249, 284, 485, 561, 626]
27: [26, 354, 423, 613, 625, 646]
28: [108, 132, 177, 188, 276, 550, 562, 663]
29: [106, 205, 227, 292, 349, 459, 571, 660]
30: [60, 82, 147, 157, 244, 279, 530, 611]

invest
1: [15, 17, 59, 75, 137, 160, 247, 361, 401, 416, 439, 492, 539, 545, 584, 592, 672]
2: [206, 262, 468, 482, 513, 554, 558, 651, 656, 671]
3: [31, 47, 107, 135, 157, 161, 191, 232, 238, 471, 542, 544, 584, 636]
4: [34, 58, 117, 155, 177, 295, 546, 553, 567]
5: [70, 93, 113, 128, 146, 163, 172, 246, 294, 309, 341, 418, 498, 519, 551, 594, 660]
6: [90, 159, 169, 224, 235, 245, 392, 456, 599, 612, 676]
7: [34, 206, 250, 370, 420, 594, 606, 622, 661, 671]
8: [126, 158, 202, 223, 325, 352, 402, 406, 417, 528, 543, 583, 610]
9: [25, 127, 147, 160, 250, 319, 339, 373, 394, 423, 531, 580]
10: [58, 79, 81, 90, 134, 234, 245, 251, 300, 378, 435, 445, 491, 611]
11: [48, 58, 68, 106, 151, 178, 234, 257, 314, 322, 355, 366, 479, 506, 552, 561, 659]
12: [82, 117, 139, 146, 198, 224, 243, 291, 401, 488, 544, 593]
13: [94, 181, 185, 210, 243, 267, 309, 514, 524, 626]
14: [27, 101, 105, 142, 208, 215, 272, 344, 376, 432, 443, 462, 488, 505, 538, 550, 634]
15: [26, 60, 82, 159, 161, 190, 201, 264, 585, 592, 662]
16: [16, 36, 38, 117, 153, 162, 217, 223, 243, 267, 288, 345, 350, 376, 383, 422, 502, 512, 570, 636, 647, 670]
17: [36, 200, 263, 325, 336, 392, 425, 427, 433, 437, 618, 663]
18: [24, 178, 290, 312, 319, 333, 469, 480, 491, 504, 611, 633]
19: [3, 130, 139, 170, 382, 622, 645]
20: [70, 104, 106, 115, 123, 138, 149, 251, 257, 268, 295, 302, 405, 434, 637]
21: [73, 97, 159, 173, 191, 206, 228, 230, 264, 318, 377, 497, 518, 547, 562, 581, 652]
22: [44, 168, 172, 271, 386, 452, 499, 521, 543, 550, 556, 576, 646, 664]
23: [37, 39, 86, 134, 139, 188, 224, 229, 255, 300, 302, 424]
24: [59, 104, 171, 205, 350, 415, 531]
25: [13, 104, 128, 226, 240, 283, 312, 381, 410, 479, 491, 510, 572, 596, 604, 682]
26: [71, 83, 94, 125, 129, 403, 418, 435, 447, 518, 529, 632, 658, 669]
27: [85, 96, 131, 153, 225, 263, 285, 307, 434, 491, 514, 536, 575, 627, 636]
28: [60, 98, 151, 166, 179, 190, 221, 318, 472, 481, 515, 614, 629]
29: [72, 84, 95, 129, 151, 271, 283, 362, 383, 461, 466, 488, 500, 638]
30: [16, 49, 56, 125, 167, 189, 232, 401, 444, 455, 477, 504, 532, 577, 607, 632]

make
12: [2]

market
1: [79, 91, 114, 269, 372]
2: [69, 81, 125, 159, 273, 408, 456, 479, 546, 591]
3: [93, 127, 218, 373, 678]
4: [55, 199, 259, 329, 397, 410, 467, 490, 602, 613]
5: [81, 139, 271, 306, 374, 638]
6: [68, 268, 448, 471, 505, 561, 609]
7: [14, 27, 60, 330, 385]
8: [114, 245, 349, 394, 495, 540, 563, 654, 666]
9: [36, 305, 461, 473, 518, 555, 577]
10: [155, 309, 333, 411, 423, 556, 579]
11: [245, 278, 410, 422, 435, 458, 483, 583]
12: [36, 71, 93, 258, 458, 615]
13: [105, 128, 151, 207, 354, 447, 558, 571, 638]
14: [37, 61, 84, 116, 174, 642]
15: [171, 205, 276, 297, 494, 573]
16: [57, 174, 456, 567, 681]
17: [156, 279, 290]
18: [35, 68, 122, 201, 344, 389, 445, 569, 625, 637, 649, 662]
19: [14, 38, 71, 95, 192, 228, 251, 405, 484, 508, 540, 553, 642]
20: [58, 215, 248, 340, 481, 547, 591]
21: [14, 150, 306, 330]
22: [59, 204, 304, 315, 632, 680]
23: [48, 94, 118, 131, 155, 400, 435, 533, 546, 601]
24: [149, 498, 609, 655]
25: [91, 115, 218, 298, 332, 344, 368, 392, 502, 548, 615, 671]
26: [35, 139, 341, 439, 496]
27: [72, 118, 330, 377, 411, 445, 468]
28: [72, 242, 299, 412, 503, 573]
29: [38, 118, 280, 303, 448, 515, 558, 671]
30: [389, 665]

msme
26: [2]

play
1: [105, 151, 307, 540, 552, 575, 610]
2: [16, 253, 310, 343, 355, 435, 447, 629]
3: [38, 108, 175, 209, 377, 556, 579, 613, 625]
4: [146, 355, 401, 471, 593]
5: [38, 50, 96, 310, 432, 455, 467]
6: [160, 248, 337]
7: [18, 164, 321, 585, 597]
9: [52, 274, 418, 522, 534, 546, 581, 647, 659]
10: [5, 180, 448, 625, 637]
11: [113, 158, 214, 401, 426]
12: [51, 97, 339, 539, 573]
13: [17, 74, 358, 527]
14: [16, 28, 154, 188, 335, 423, 568, 669]
15: [6, 51, 243, 267]
16: [73, 85, 108, 279, 357, 413, 571, 604]
17: [203, 339, 428, 474, 585, 609, 621]
18: [158, 291, 358, 436, 560, 653]
19: [75, 196, 242, 340, 453, 544]
20: [16, 118, 173, 252, 309]
21: [18, 64, 275, 334, 357, 588, 631, 643]
22: [129, 240, 331, 377, 466, 478, 647]
23: [6, 98, 146, 280, 359, 491]
24: [27, 39, 107, 130, 174, 219, 231, 254, 364, 398, 410]
25: [27, 255, 278, 482, 563]
26: [39, 120, 143, 240, 252, 264, 332, 465]
27: [51, 63, 122, 243, 494, 604, 616, 649]
28: [40, 99, 146, 202, 279, 325, 403, 438, 530, 553, 599]
29: [6, 29, 374, 495, 574]
30: [116, 270, 568]

polici
1: [5, 94, 125, 133, 181, 228, 338, 462, 536, 663]
2: [65, 117, 194, 332, 374, 420, 443, 452, 611, 628, 645]
3: [23, 43, 174, 263, 349, 364, 485, 508, 575, 587]
4: [88, 106, 109, 120, 162, 501, 556, 636, 639]
5: [3, 13, 205, 259, 282, 359, 362, 409, 425, 451, 504, 529, 648]
6: [109, 126, 145, 182, 201, 237, 279, 345, 357, 496, 527, 570, 585, 631]
7: [63, 105, 246, 260, 317, 351, 465, 473, 514, 537, 570, 646]
8: [82, 106, 171, 208, 214, 371, 449, 491, 551, 586, 669]
9: [13, 177, 316, 370, 406, 414, 426, 437, 483, 494, 506, 509, 563, 592, 632]
10: [122, 165, 210, 230, 324, 366, 391, 621, 667]
11: [109, 143, 236, 289, 300, 332, 376, 431, 470, 549, 594, 606, 618, 621, 640, 648]
12: [59, 159, 180, 301, 347, 355, 372, 379, 433, 558, 606, 640]
13: [25, 59, 96, 245, 297, 342, 546, 582, 593, 622]
14: [40, 94, 147, 184, 238, 250, 264, 298, 301, 331, 353, 397, 416, 497, 530, 595, 608, 662, 677]
15: [185, 208, 236, 251, 328, 428, 453, 471, 516, 524, 541, 558, 561, 595, 616, 627, 650]
16: [84, 104, 200, 209, 220, 331, 353]
17: [46, 57, 89, 133, 177, 244, 380, 470, 522, 581, 629, 648]
18: [108, 277, 366, 501, 534, 556, 578]
19: [22, 74, 159, 204, 280, 283, 325, 441, 469, 504, 536, 608, 627, 633]
20: [35, 92, 169, 181, 189, 218, 350, 425, 448, 504, 558, 580, 633, 657]
21: [3, 17, 49, 60, 129, 194, 342, 353, 362, 438, 485, 539, 576, 614, 617, 671]
22: [78, 137, 159, 182, 225, 228, 448, 474, 531, 667]
23: [25, 103, 109, 198, 232, 243, 262, 310, 322, 344, 412, 567, 641, 644]
24: [35, 185, 190, 215, 250, 305, 316, 319, 338, 440, 474, 575, 605]
25: [23, 35, 58, 69, 171, 203, 206, 251, 317, 402, 456, 535, 626]
26: [187, 211, 260, 306, 317, 373, 514, 539, 581, 617]
27: [22, 36, 149, 188, 251, 388, 399, 414, 456, 554, 557, 666, 680]
28: [36, 80, 128, 154, 217, 227, 230, 333, 344, 388, 399, 420, 423, 454, 469, 564, 639]
29: [14, 28, 34, 49, 136, 194, 233, 244, 247, 260, 314, 337, 359, 385, 573, 590]
30: [13, 36, 45, 135, 197, 200, 211, 221, 255, 289, 549]

privat
1: [144, 412, 445, 609, 636]
2: [42, 155, 411, 673]
3: [66, 72, 163, 221, 394, 427, 460, 466, 511]
4: [63, 208, 325, 400, 569]
5: [515, 542, 601]
6: [209, 371, 394, 451, 582]
7: [10, 30, 40, 86, 108, 135, 235, 257, 348, 393, 590]
8: [79, 219, 321, 357, 452, 572]
9: [132, 330, 356]
10: [103, 130, 586]
11: [80, 394, 406, 586, 665]
12: [16, 84, 172, 266, 287, 408, 550]
13: [198, 233, 328, 404, 510, 645]
14: [2, 187, 468, 573, 584]
15: [196, 345]
16: [131, 212, 239, 463, 469]
17: [159, 196, 208, 496]
18: [20, 329]
19: [5, 56, 207, 351, 356, 480]
20: [291, 577, 594, 605]
21: [40, 280, 593, 599, 648]
22: [29, 89, 145, 404, 421]
23: [507, 529, 581]
24: [218, 259]
25: [55, 191, 254, 416, 421, 498]
26: [62, 119, 269, 280, 314]
27: [50, 109, 367]
28: [341, 363, 460, 529, 541, 620]
29: [80]
30: [180, 240, 488]

program
1: [37, 193, 226, 328, 384, 427, 449, 503, 515, 549, 607]
2: [13, 239, 296, 307, 352, 364, 432, 581]
3: [59, 105, 150, 230, 297, 318, 339, 362, 386, 464, 497, 565, 644]
4: [45, 100, 143, 188, 212, 235, 272, 352, 364, 375, 386, 423, 524, 659, 670, 681]
5: [117, 407, 476]
6: [14, 36, 113, 124, 334, 380, 403, 437, 644]
7: [95, 117, 128, 228, 397, 582]
8: [26, 104, 136, 383, 461, 517, 576, 631, 643]
9: [72, 104, 181, 203, 382, 679]
10: [14, 276, 356, 480, 600]
11: [167, 189, 200, 211, 267, 344, 539, 652]
12: [150, 247, 280, 336, 480, 671]
13: [71, 140, 220, 413, 425, 459, 503, 649]
14: [25, 49, 242, 254, 288, 310, 365, 466, 477, 509, 654]
15: [48, 93, 126, 137, 194, 240, 309, 320, 343, 354]
16: [94, 254, 299, 366, 434, 523, 534, 545, 601]
17: [123, 223, 267, 348, 449, 594, 641, 674]
18: [14, 47, 189, 213, 245, 267]
19: [117, 316, 360, 394, 417, 439, 496, 665]
20: [261, 306, 318, 570, 648]
21: [239, 399, 597]
22: [15, 48, 71, 82, 260, 565, 644]
23: [84, 143, 222, 390, 478, 558]
24: [263, 274, 328, 384, 510, 587, 620, 643]
25: [195, 436, 648]
26: [13, 24, 117, 163, 329, 353, 396, 407, 462]
27: [14, 48, 175, 218, 318, 343, 547, 579]
28: [49, 378, 447, 458, 491, 539, 618, 651, 685]
29: [61, 172, 371, 405, 437, 481, 537, 594]
30: [25, 93, 178, 334, 356, 541, 565]

public
1: [11, 14, 58, 122, 136, 159, 246, 360, 415, 435, 438, 483, 491, 499, 583, 671]
2: [205, 261, 336, 467, 504, 512, 557, 594, 670]
3: [46, 160, 197, 293, 314, 477, 541]
4: [33, 36, 154, 173, 176, 294, 515, 545, 566]
5: [69, 92, 107, 124, 127, 142, 171, 293, 340, 414, 417, 497, 518, 550, 590, 593, 659]
6: [82, 89, 92, 165, 168, 223, 234, 244, 391, 474, 675]
7: [2, 191, 197, 205, 249, 365, 399, 419, 567, 578, 593, 605, 670]
8: [122, 125, 157, 201, 222, 248, 316, 324, 390, 405, 408, 416, 527, 609]
9: [10, 24, 146, 154, 166, 183, 188, 262, 338, 341, 378, 393, 530]
10: [57, 78, 89, 133, 233, 241, 244, 257, 294, 312, 377, 434, 444, 490, 610]
11: [22, 47, 57, 64, 67, 70, 90, 177, 233, 256, 321, 324, 354, 365, 379, 389, 438, 505, 524, 541, 560]
12: [81, 116, 138, 223, 290, 316, 332, 400, 465, 592]
13: [90, 93, 119, 184, 242, 308, 311, 513, 520, 523, 625, 662]
14: [104, 124, 136, 207, 343, 375, 431, 442, 445, 487, 567]
15: [25, 59, 81, 155, 158, 263, 322, 486, 513, 584, 661]
16: [35, 42, 116, 161, 242, 287, 328, 375, 421, 493, 501, 511, 541, 635, 646, 649, 669]
17: [35, 199, 324, 335, 361, 391, 424, 436, 500, 511, 545, 617, 662]
18: [23, 118, 177, 311, 325, 332, 468, 479, 490, 520]
19: [28, 138, 156, 169, 265, 381, 549, 572]
20: [69, 103, 114, 137, 145, 148, 294, 353, 364, 404, 445, 636]
21: [34, 63, 72, 96, 172, 205, 227, 317, 376, 427, 496, 499, 517, 553, 561, 651]
22: [151, 171, 270, 318, 342, 347, 385, 410, 451, 498, 520, 542, 575, 589]
23: [36, 179, 187, 254, 299, 403, 423, 570]
24: [55, 58, 103, 145, 170, 204, 341, 349, 369, 409, 530, 658]
25: [12, 103, 127, 141, 239, 380, 478, 490, 516, 526, 571, 585, 603, 681]
26: [70, 82, 93, 128, 148, 417, 517, 528, 546, 657, 668]
27: [84, 95, 130, 152, 177, 214, 262, 284, 306, 407, 433, 476, 490, 513, 535, 592, 635, 648]
28: [59, 165, 220, 267, 480, 511, 514, 610, 628]
29: [2, 71, 83, 94, 102, 128, 150, 306, 322, 382, 637]
30: [48, 124, 127, 132, 166, 174, 188, 231, 330, 400, 443, 454, 471, 576, 579, 631]

reform
1: [33, 126, 182, 277, 339, 537, 574]
2: [106, 195, 342, 375, 417, 421, 444, 617]
3: [24, 61, 264, 350, 486, 505, 509, 527, 576, 588]
4: [89, 110, 121, 139, 214, 371, 406, 486, 502, 557, 633, 637, 677]
5: [14, 84, 130, 179, 206, 260, 283, 285, 363, 452, 472, 530, 645, 649]
6: [10, 120, 146, 153, 202, 264, 280, 303, 346, 348, 358, 528, 552, 586, 632]
7: [74, 106, 224, 261, 318, 352, 410, 474, 524, 538, 571, 647]
8: [83, 372, 450, 552, 587, 606]
9: [14, 317, 324, 335, 371, 415, 427, 438, 452, 484, 495, 507, 514, 633]
10: [123, 141, 166, 211, 268, 367, 431, 453, 459, 575, 622, 642, 659, 668]
11: [110, 144, 207, 290, 301, 333, 377, 443, 454, 471, 550, 557, 595, 603, 607, 619, 641]
12: [60, 160, 181, 302, 348, 380, 434, 555, 559, 629]
13: [26, 60, 298, 343, 357, 427, 526, 547, 583, 594, 651]
14: [95, 130, 177, 185, 204, 265, 299, 323, 332, 354, 398, 422, 498, 531, 556, 609, 678]
15: [3, 252, 311, 429, 472, 517, 562, 596, 602, 617, 628, 651]
16: [96, 105, 210, 221, 332, 354, 504, 597, 603, 615, 655]
17: [47, 58, 90, 134, 178, 245, 327, 332, 381, 471, 567, 578, 582, 630]
18: [157, 278, 367, 476, 502, 535, 557]
19: [67, 102, 160, 201, 205, 284, 326, 384, 458, 590, 609, 650]
20: [36, 93, 170, 182, 351, 369, 426, 449, 462, 505, 522, 559, 572, 581, 658]
21: [50, 61, 130, 195, 208, 291, 343, 354, 486, 540, 558, 618]
22: [138, 160, 183, 218, 226, 465, 475, 528, 532, 628, 652, 668]
23: [26, 80, 199, 233, 244, 279, 311, 323, 336, 345, 413, 490, 568, 645]
24: [36, 106, 216, 251, 306, 317, 339, 441, 475, 501, 576]
25: [4, 24, 36, 59, 70, 76, 172, 207, 252, 301, 306, 403, 449, 457, 536, 627, 629, 633]
26: [44, 142, 261, 307, 318, 374, 540, 582, 643]
27: [37, 209, 252, 389, 400, 457, 558, 681]
28: [33, 37, 110, 155, 213, 231, 250, 334, 345, 352, 389, 400, 424, 470, 640, 670]
29: [15, 50, 142, 195, 248, 276, 288, 315, 328, 338, 360, 390, 433, 554, 567]
30: [14, 37, 73, 109, 136, 191, 201, 212, 214, 222, 256, 290, 573]

remain
1: [83, 250, 296, 484, 529, 599]
2: [85, 96, 400, 460, 483, 505, 550, 618]
3: [27, 131, 245, 365, 401, 412, 534, 568]
4: [113, 191, 333, 389, 516, 640]
5: [17, 120, 131, 344, 410, 511, 522, 543, 619]
6: [6, 227, 260, 326, 452, 509, 531, 553, 668]
7: [6, 52, 98, 109, 389, 400, 477, 639]
8: [52, 63, 194, 215, 295, 398, 409, 453, 509, 646]
9: [64, 286, 297, 407, 559, 593]
10: [28, 82, 126, 337, 348]
11: [125, 226, 293, 325]
12: [28, 109, 173, 216, 283, 317, 328, 351, 528, 619, 630]
13: [63, 120, 290, 312, 439]
14: [5, 65, 211, 313, 357, 469, 591, 646]
15: [18, 74, 118, 197, 346, 368, 400, 554, 609, 631, 654]
16: [6, 28, 49, 97, 246, 302, 313]
17: [39, 82, 93, 115, 237, 328, 463, 563, 633]
18: [72, 227, 527]
19: [109, 131, 184, 287, 308, 329, 409, 420, 431, 557]
20: [62, 240, 418, 452, 618, 629, 640]
21: [30, 53, 198, 220, 369, 391, 445, 478, 489, 577, 600]
22: [51, 175, 285, 400, 433, 502, 524, 612]
23: [40, 110, 180, 214, 236, 292, 371, 571, 582, 616]
24: [62, 287, 467, 490, 590]
25: [153, 324, 336]
26: [86, 177, 229, 377, 421, 454, 607, 639]
27: [99, 167, 310, 346, 403, 415, 426, 460, 539, 582, 593]
28: [29, 234, 268, 381, 416, 427, 632, 666, 677]
29: [87, 132, 208, 284, 295, 397, 440, 507]
30: [74, 85, 337, 359, 370, 381, 500]

renew
24: [2]

revenu
1: [306, 375]
2: [191, 464, 470, 509, 520, 606]
3: [15, 84, 130, 549, 567, 624]
4: [26, 69, 134, 243, 308, 537, 605, 627, 644, 672]
5: [348, 403, 612, 656]
6: [64, 198, 319, 405, 519]
7: [175, 337, 481]
8: [51, 143, 475]
9: [199, 446, 527, 533, 608]
10: [60, 108, 179, 247, 374, 414, 541, 559, 664]
11: [10, 135, 286, 318, 340, 467, 491]
12: [119, 130, 188, 209, 386, 572]
13: [108, 170, 316, 409, 415, 438, 532, 607, 612]
14: [9, 284, 295, 317, 372, 394, 411, 500]
15: [44, 78, 106, 519, 641]
16: [10, 368, 406, 430, 525]
17: [65, 71, 92, 97, 114, 130, 247, 394, 540, 637]
18: [31, 174, 658]
19: [119, 166, 177, 195, 367, 373, 487, 611, 656]
20: [314, 561]
21: [75, 286, 471, 570]
22: [140, 233, 251, 295]
23: [431, 463, 592, 668]
24: [236, 335, 471, 489, 544, 616, 645]
25: [38, 94, 118, 242, 260, 650, 667, 674]
26: [201, 245, 392]
27: [75, 133, 144, 160, 276, 320, 350, 419, 441, 560, 642]
28: [5, 139, 157, 184, 284, 290, 402]
29: [153, 455, 522, 539]
30: [39, 62, 159, 258, 275, 374, 397, 413]

role
1: [107, 153, 309, 542, 554, 577, 612]
2: [18, 255, 312, 345, 357, 437, 449, 631]
3: [40, 110, 177, 211, 379, 558, 581, 615, 627]
4: [148, 357, 403, 473, 595]
5: [40, 52, 98, 312, 434, 457, 469]
6: [162, 250, 339]
7: [20, 166, 323, 587, 599]
9: [54, 276, 420, 524, 536, 548, 583, 649, 661]
10: [7, 182, 450, 627, 639]
11: [115, 160, 216, 403, 428]
12: [53, 99, 341, 541, 575]
13: [19, 76, 360, 529]
14: [18, 30, 156, 190, 337, 425, 570, 671]
15: [8, 53, 245, 269]
16: [75, 87, 110, 281, 359, 415, 573, 606]
17: [205, 341, 430, 476, 587, 611, 623]
18: [160, 293, 360, 438, 562, 655]
19: [77, 198, 244, 342, 455, 546]
20: [18, 120, 175, 254, 311]
21: [20, 66, 277, 336, 359, 590, 633, 645]
22: [131, 242, 333, 379, 468, 480, 649]
23: [8, 100, 148, 282, 361, 493]
24: [29, 41, 109, 132, 176, 221, 233, 256, 366, 400, 412]
25: [29, 257, 280, 484, 565]
26: [41, 122, 145, 242, 254, 266, 334, 467]
27: [53, 65, 124, 245, 496, 606, 618, 651]
28: [42, 101, 148, 204, 281, 327, 405, 440, 532, 555, 601]
29: [8, 31, 376, 497, 576]
30: [118, 272, 570]

rural
18: [2]

scheme
27: [3]

sector
1: [217, 528, 563]
2: [27, 144, 281, 475, 640]
3: [141, 376, 482, 538, 662]
4: [231, 313, 581]
5: [157, 235, 547]
6: [3, 16, 43, 71, 253, 444, 479, 524, 541]
7: [241, 437]
8: [260, 617]
9: [351, 618, 652]
10: [236, 437, 487]
11: [140, 174, 219, 308, 519, 615]
12: [108, 152, 232, 261]
13: [16, 79, 124, 363, 443, 590, 634, 668]
14: [112, 328, 367]
15: [22, 133, 382, 569]
16: [27, 206, 256, 272, 306, 334, 401, 514, 547]
17: [310, 366, 473]
18: [441, 553, 589, 645]
19: [224, 430, 446, 452, 516]
20: [9, 286, 343, 456, 538]
21: [213, 297, 333, 350, 503, 636]
22: [17, 117, 196, 267, 300, 477, 523]
23: [22, 33, 657]
24: [167, 431, 443, 669]
25: [20, 157, 214, 266, 453, 475, 611, 655]
26: [239, 331, 492, 557, 628]
27: [121, 471]
28: [62, 104]
29: [22, 174, 229, 294, 407, 624, 645, 667]
30: [208, 561]

shape
1: [8, 286, 321, 432, 508, 589]
2: [62, 165, 177, 211, 414, 574, 597]
3: [52, 75, 235, 355, 391, 502, 524, 671]
4: [17, 205, 217, 240, 252, 265, 288, 322, 416, 572, 630]
5: [110, 199, 299, 665]
6: [95, 139, 351, 385, 419, 567, 579, 602, 637]
7: [77, 288, 300, 413, 652, 664]
8: [19, 31, 76, 251, 263, 330, 342, 432, 466, 533, 569, 592, 636]
9: [42, 163, 218, 241, 253, 387, 443, 500]
10: [216, 315, 473, 527, 572]
11: [19, 464, 476, 566, 600, 612, 668]
12: [229, 307, 439, 451, 485]
13: [53, 213, 236, 270, 325, 383, 395, 418, 564, 631, 665]
14: [54, 133, 235, 247, 281, 448, 547, 625, 659]
15: [164, 222, 257, 325, 477, 544, 644]
16: [63, 122, 144, 167, 191, 203, 392, 427, 472, 484, 618, 652]
17: [8, 272, 296, 442, 531, 599]
18: [194, 305, 451, 575]
19: [31, 221, 387, 501, 581]
20: [86, 277, 431, 487, 608]
21: [43, 78, 90, 156, 244, 323, 567, 668]
22: [8, 20, 165, 321, 356, 492, 625, 661, 673]
23: [54, 77, 124, 204, 316, 406, 539, 671]
24: [97, 434, 446, 480, 558, 636, 648]
25: [41, 97, 121, 188, 200, 245, 350, 374, 529, 541, 664]
26: [53, 76, 110, 300]
27: [19, 78, 300, 323, 336, 370, 663]
28: [19, 65, 89, 113, 125, 463, 496, 520, 656]
29: [77, 111, 188, 331, 564, 610]
30: [30, 42, 194, 237, 249, 546, 558, 582, 658]

skill
13: [2]

social
1: [36, 192, 225, 327, 383, 426, 448, 502, 514, 548, 606]
2: [12, 238, 295, 306, 351, 363, 431, 580]
3: [58, 104, 149, 229, 296, 317, 338, 361, 385, 463, 496, 564, 643]
4: [44, 99, 142, 187, 211, 234, 271, 351, 363, 374, 385, 422, 523, 658, 669, 680]
5: [116, 406, 475]
6: [13, 35, 112, 123, 333, 379, 402, 436, 643]
7: [94, 116, 127, 227, 396, 581]
8: [25, 103, 135, 382, 460, 516, 575, 630, 642]
9: [71, 103, 180, 202, 381, 678]
10: [13, 275, 355, 479, 599]
11: [166, 188, 199, 210, 266, 343, 538, 651]
12: [149, 246, 279, 335, 479, 670]
13: [70, 139, 219, 412, 424, 458, 502, 648]
14: [24, 48, 241, 253, 287, 309, 364, 465, 476, 508, 653]
15: [47, 92, 125, 136, 193, 239, 308, 319, 342, 353]
16: [93, 253, 298, 365, 433, 522, 533, 544, 600]
17: [122, 222, 266, 347, 448, 593, 640, 673]
18: [13, 46, 188, 212, 244, 266]
19: [116, 315, 359, 393, 416, 438, 495, 664]
20: [260, 305, 317, 569, 647]
21: [238, 398, 596]
22: [14, 47, 70, 81, 259, 564, 643]
23: [83, 142, 221, 389, 477, 557]
24: [262, 273, 327, 383, 509, 586, 619, 642]
25: [194, 435, 647]
26: [12, 23, 116, 162, 328, 352, 395, 406, 461]
27: [13, 47, 174, 217, 317, 342, 546, 578]
28: [48, 377, 446, 457, 490, 538, 617, 650, 684]
29: [60, 171, 370, 404, 436, 480, 536, 593]
30: [24, 92, 177, 333, 355, 540, 564]

spend
20: [3]

startup
11: [2]

tax
15: [2]

technolog
1: [25, 68, 214, 595]
2: [136, 227, 490, 523, 568, 603, 614, 625, 637, 680]
3: [241, 252, 285, 306, 328, 397, 408, 621, 665]
4: [11, 77, 165, 246, 534]
5: [46, 104, 227, 384, 428, 440, 604, 626]
6: [190, 368, 459, 596, 653]
7: [37, 48, 71, 83, 138, 172, 183, 238, 294, 407, 484, 615, 625]
8: [13, 233, 426, 438, 472, 483, 620]
9: [114, 135, 270, 449, 655]
10: [111, 176, 254, 265, 456, 645]
11: [121, 154]
12: [169, 201, 269, 313, 358, 491, 513, 524, 569, 659]
13: [264, 286, 319, 469, 604, 615, 671]
14: [72, 218, 229, 275, 320, 454, 587, 631]
15: [14, 70, 103, 286, 385, 450, 505]
16: [24, 138, 185, 320, 444, 612]
17: [14, 111, 413, 503]
18: [144, 166, 255, 322, 400, 457, 673]
19: [48, 472, 519, 529, 597, 619, 653, 675]
20: [46, 126, 158, 192, 383, 602]
21: [26, 84, 107, 162, 271, 365, 408, 506]
22: [26, 125, 148, 215, 236, 362, 407, 462, 586]
23: [60, 165, 288, 355, 456, 487, 578, 612, 623, 654]
24: [47, 126, 360, 372, 418, 677]
25: [79, 160, 274, 446, 559, 658]
26: [104, 184, 272, 428, 506, 549, 571, 635]
27: [59, 163, 364, 567, 589]
28: [95, 310, 321, 434, 526, 584, 607]
29: [25, 161, 257, 393, 425, 503, 616]
30: [102, 344, 377, 485, 507]

the
1: [4, 16, 27, 38, 49, 60, 70, 81, 93, 103, 116, 127, 138, 149, 161, 172, 183, 194, 205, 216, 227, 237, 248, 259, 271, 282, 294, 305, 317, 329, 340, 351, 362, 374, 385, 396, 406, 417, 428, 440, 450, 461, 471, 482, 493, 504, 516, 527, 538, 550, 562, 573, 585, 597, 608, 620, 631, 641, 651, 662]
2: [3, 14, 26, 36, 47, 58, 71, 83, 94, 105, 116, 127, 138, 149, 161, 173, 185, 196, 207, 219, 229, 240, 251, 263, 275, 286, 297, 308, 320, 331, 341, 353, 365, 376, 387, 398, 410, 422, 433, 445, 458, 469, 481, 492, 503, 514, 525, 536, 548, 559, 570, 582, 593, 605, 616, 627, 639, 650, 661, 672]
3: [3, 14, 25, 36, 48, 60, 71, 83, 95, 106, 118, 129, 140, 151, 162, 173, 185, 196, 207, 220, 231, 243, 254, 265, 276, 287, 298, 308, 319, 330, 340, 351, 363, 375, 387, 399, 410, 421, 432, 443, 454, 465, 476, 487, 498, 510, 520, 532, 543, 554, 566, 577, 589, 600, 611, 623, 635, 645, 656, 667]
4: [3, 13, 25, 35, 46, 57, 68, 79, 90, 101, 111, 122, 133, 144, 156, 167, 178, 189, 201, 213, 225, 236, 248, 261, 273, 284, 296, 307, 318, 331, 342, 353, 365, 376, 387, 399, 412, 424, 435, 446, 457, 469, 481, 492, 503, 514, 525, 536, 547, 558, 568, 580, 591, 604, 615, 626, 638, 649, 660, 671]
5: [4, 15, 26, 36, 48, 60, 71, 83, 94, 106, 118, 129, 141, 151, 162, 173, 184, 195, 207, 218, 229, 240, 251, 261, 273, 284, 295, 308, 320, 331, 342, 353, 364, 376, 386, 397, 408, 419, 430, 442, 453, 465, 477, 488, 499, 509, 520, 531, 541, 552, 563, 574, 585, 595, 606, 617, 628, 640, 650, 661]
6: [4, 15, 26, 37, 48, 59, 70, 81, 91, 103, 114, 125, 135, 147, 158, 170, 181, 192, 203, 214, 225, 236, 246, 258, 270, 281, 292, 302, 313, 324, 335, 347, 359, 370, 381, 393, 404, 415, 427, 438, 450, 461, 473, 484, 495, 507, 518, 529, 540, 551, 563, 575, 587, 598, 611, 622, 633, 645, 655, 666]
7: [4, 16, 29, 39, 50, 62, 73, 85, 96, 107, 118, 129, 140, 151, 162, 174, 185, 196, 207, 218, 229, 240, 251, 262, 273, 284, 296, 308, 319, 332, 342, 353, 364, 375, 387, 398, 409, 421, 432, 442, 453, 464, 475, 486, 497, 508, 519, 529, 539, 550, 561, 572, 583, 595, 607, 617, 627, 637, 648, 660]
8: [4, 15, 27, 39, 50, 61, 72, 84, 95, 105, 116, 127, 137, 148, 159, 170, 181, 192, 203, 213, 224, 235, 247, 259, 271, 282, 293, 304, 315, 326, 338, 351, 362, 373, 384, 396, 407, 418, 428, 440, 451, 462, 474, 485, 497, 507, 518, 529, 542, 553, 565, 577, 588, 600, 611, 622, 632, 644, 656, 668]
9: [4, 15, 26, 38, 50, 62, 73, 83, 94, 105, 116, 126, 137, 148, 159, 171, 182, 193, 204, 214, 226, 237, 249, 261, 272, 284, 295, 307, 318, 329, 340, 350, 361, 372, 383, 395, 405, 416, 428, 439, 451, 463, 475, 485, 496, 508, 520, 532, 544, 557, 568, 579, 591, 602, 613, 623, 634, 645, 657, 669]
10: [3, 15, 26, 37, 48, 59, 69, 80, 91, 102, 113, 124, 135, 146, 157, 167, 178, 190, 201, 212, 224, 235, 246, 256, 267, 277, 288, 299, 311, 323, 335, 346, 357, 368, 379, 390, 401, 413, 425, 436, 446, 458, 469, 481, 492, 502, 512, 523, 535, 546, 558, 568, 581, 591, 601, 612, 623, 635, 647, 658]
11: [4, 15, 27, 38, 49, 59, 69, 79, 89, 100, 111, 123, 134, 145, 156, 168, 179, 190, 201, 212, 224, 235, 247, 258, 268, 280, 291, 302, 313, 323, 334, 345, 356, 367, 378, 388, 399, 412, 424, 437, 448, 460, 472, 485, 496, 507, 518, 529, 540, 551, 562, 574, 585, 596, 608, 620, 631, 642, 653, 664]
12: [5, 15, 26, 38, 49, 61, 73, 83, 95, 107, 118, 129, 140, 151, 161, 171, 182, 193, 203, 214, 225, 237, 248, 260, 271, 281, 292, 303, 315, 326, 337, 349, 360, 371, 381, 391, 402, 413, 424, 435, 447, 460, 470, 481, 493, 504, 515, 526, 537, 549, 560, 571, 583, 594, 605, 617, 628, 639, 650, 661]
13: [4, 15, 27, 38, 49, 61, 72, 84, 95, 107, 118, 130, 141, 153, 164, 175, 186, 197, 209, 221, 232, 244, 255, 266, 278, 288, 299, 310, 321, 333, 344, 356, 368, 379, 391, 403, 414, 426, 437, 449, 460, 471, 482, 493, 504, 515, 525, 537, 548, 560, 573, 584, 595, 606, 617, 627, 640, 650, 661, 673]
14: [3, 14, 26, 39, 50, 63, 74, 86, 96, 106, 118, 129, 141, 152, 164, 176, 186, 198, 209, 220, 231, 243, 255, 266, 277, 289, 300, 311, 322, 333, 345, 355, 366, 377, 388, 399, 410, 421, 433, 444, 456, 467, 478, 489, 499, 510, 521, 532, 543, 555, 566, 578, 589, 600, 610, 621, 633, 644, 655, 667]
15: [4, 16, 27, 38, 49, 61, 72, 83, 94, 105, 116, 127, 138, 149, 160, 173, 184, 195, 207, 218, 230, 241, 253, 265, 278, 288, 299, 310, 321, 333, 344, 355, 366, 377, 387, 398, 409, 419, 430, 441, 452, 463, 473, 485, 496, 507, 518, 529, 540, 552, 563, 575, 586, 597, 607, 618, 629, 640, 652, 663]
16: [4, 15, 26, 37, 47, 59, 71, 83, 95, 106, 118, 130, 140, 152, 163, 176, 187, 199, 211, 222, 233, 244, 255, 266, 277, 289, 300, 311, 322, 333, 344, 355, 367, 377, 388, 400, 411, 423, 435, 446, 458, 468, 480, 492, 503, 513, 524, 535, 546, 557, 569, 581, 591, 602, 614, 626, 637, 648, 660, 671]
17: [4, 16, 26, 37, 48, 59, 70, 80, 91, 102, 113, 124, 135, 146, 158, 169, 179, 190, 201, 213, 224, 235, 246, 257, 268, 281, 292, 304, 315, 326, 337, 349, 360, 371, 382, 393, 404, 415, 426, 438, 450, 461, 472, 484, 495, 505, 516, 527, 539, 550, 561, 572, 583, 595, 607, 619, 631, 642, 653, 664]
18: [4, 15, 25, 37, 48, 59, 70, 81, 91, 102, 113, 124, 135, 146, 156, 168, 179, 190, 203, 214, 225, 236, 246, 257, 268, 279, 289, 301, 313, 324, 334, 346, 356, 368, 379, 391, 402, 413, 423, 434, 447, 459, 470, 481, 492, 503, 514, 525, 536, 547, 558, 571, 583, 594, 605, 616, 627, 639, 651, 664]
19: [4, 16, 27, 40, 50, 61, 73, 85, 97, 107, 118, 129, 140, 151, 161, 171, 182, 194, 206, 217, 230, 240, 253, 264, 274, 285, 296, 306, 317, 327, 338, 350, 361, 372, 383, 395, 407, 418, 429, 440, 451, 463, 474, 486, 497, 510, 521, 531, 542, 555, 566, 577, 589, 599, 610, 621, 632, 644, 655, 666]
20: [4, 14, 26, 37, 48, 60, 71, 82, 94, 105, 116, 128, 139, 150, 160, 171, 183, 194, 205, 217, 227, 238, 250, 262, 273, 285, 296, 307, 319, 330, 342, 352, 363, 374, 385, 396, 406, 416, 427, 439, 450, 461, 471, 483, 495, 506, 516, 527, 537, 549, 560, 571, 582, 593, 604, 616, 627, 638, 649, 659]
21: [4, 16, 28, 39, 51, 62, 74, 86, 98, 109, 120, 131, 141, 152, 164, 174, 185, 196, 207, 218, 229, 240, 252, 263, 273, 285, 296, 308, 319, 332, 344, 355, 367, 378, 389, 400, 410, 421, 432, 443, 454, 465, 476, 487, 498, 508, 519, 530, 541, 552, 563, 575, 586, 598, 609, 619, 629, 641, 653, 664]
22: [4, 16, 28, 38, 49, 61, 72, 83, 94, 105, 116, 127, 139, 150, 161, 173, 184, 195, 206, 217, 227, 238, 250, 261, 272, 283, 294, 306, 317, 329, 341, 352, 364, 375, 387, 398, 409, 420, 431, 442, 453, 464, 476, 488, 500, 511, 522, 533, 544, 555, 566, 577, 588, 599, 610, 621, 634, 645, 657, 669]
23: [4, 16, 27, 38, 50, 62, 73, 85, 96, 108, 120, 133, 144, 157, 167, 178, 189, 200, 212, 223, 234, 245, 256, 267, 278, 290, 301, 312, 324, 335, 346, 357, 369, 380, 391, 402, 414, 425, 437, 448, 458, 468, 479, 489, 501, 512, 523, 535, 548, 559, 569, 580, 591, 603, 614, 625, 636, 646, 656, 667]
24: [4, 15, 25, 37, 49, 60, 71, 82, 93, 105, 117, 128, 140, 151, 162, 172, 184, 195, 206, 217, 229, 241, 252, 264, 275, 285, 296, 307, 318, 329, 340, 351, 362, 374, 385, 396, 408, 420, 430, 442, 454, 465, 476, 488, 500, 511, 521, 532, 543, 554, 566, 577, 588, 599, 611, 621, 632, 644, 657, 668]
25: [3, 14, 25, 37, 49, 60, 71, 81, 93, 105, 117, 129, 140, 151, 162, 173, 184, 196, 208, 220, 231, 241, 253, 265, 276, 288, 300, 311, 322, 334, 346, 358, 370, 382, 394, 404, 415, 426, 437, 448, 458, 469, 480, 492, 504, 515, 525, 537, 550, 561, 573, 584, 595, 605, 617, 628, 638, 649, 660, 673]
26: [3, 14, 25, 37, 49, 61, 72, 84, 95, 106, 118, 130, 141, 153, 164, 175, 186, 196, 206, 216, 227, 238, 250, 262, 274, 285, 296, 308, 319, 330, 343, 354, 364, 375, 386, 397, 408, 419, 430, 441, 452, 463, 475, 486, 498, 508, 519, 530, 541, 551, 562, 573, 583, 594, 605, 616, 627, 637, 648, 659]
27: [4, 15, 27, 38, 49, 61, 74, 86, 97, 108, 120, 132, 143, 154, 165, 176, 187, 197, 208, 219, 230, 241, 253, 264, 275, 286, 296, 308, 319, 332, 344, 355, 366, 379, 390, 401, 413, 424, 435, 447, 458, 470, 481, 492, 504, 515, 526, 537, 548, 559, 569, 580, 591, 602, 614, 626, 637, 647, 659, 671]
28: [4, 15, 27, 38, 50, 61, 74, 85, 97, 109, 121, 133, 144, 156, 167, 178, 189, 200, 212, 222, 232, 244, 255, 266, 277, 289, 301, 312, 323, 335, 346, 357, 368, 379, 390, 401, 414, 425, 436, 448, 459, 471, 482, 492, 505, 516, 528, 540, 551, 563, 575, 586, 597, 609, 619, 630, 641, 652, 664, 675]
29: [4, 16, 27, 40, 51, 62, 73, 85, 96, 107, 120, 130, 141, 152, 163, 173, 184, 196, 206, 217, 228, 238, 249, 259, 270, 282, 293, 305, 316, 327, 339, 350, 361, 372, 384, 395, 406, 416, 427, 438, 450, 460, 471, 482, 493, 505, 517, 527, 538, 549, 560, 572, 584, 595, 606, 618, 629, 639, 650, 661]
30: [4, 15, 26, 38, 50, 61, 72, 83, 94, 104, 114, 126, 137, 148, 158, 168, 179, 190, 202, 213, 223, 233, 245, 257, 268, 280, 291, 302, 313, 324, 335, 346, 357, 368, 379, 391, 402, 412, 423, 434, 445, 456, 466, 476, 487, 498, 509, 520, 531, 542, 554, 566, 578, 590, 601, 612, 623, 633, 644, 654]

topic
1: [1]
2: [1]
3: [1]
4: [1]
5: [1]
6: [1]
7: [1]
8: [1]
9: [1]
10: [1]
11: [1]
12: [1]
13: [1]
14: [1]
15: [1]
16: [1]
17: [1]
18: [1]
19: [1]
20: [1]
21: [1]
22: [1]
23: [1]
24: [1]
25: [1]
26: [1]
27: [1]
28: [1]
29: [1]
30: [1]

trade
1: [195, 265, 312, 466]
2: [128, 220, 230]
3: [4, 208, 214, 249]
4: [91, 102, 498, 531]
5: [267, 466, 558]
6: [314, 508]
7: [309, 314, 509]
8: [3, 277, 469, 554, 601]
9: [78, 121, 138, 227, 267, 440, 521]
10: [147, 202, 470]
11: [33, 269, 368, 486, 513]
12: [21, 124, 215, 436, 532]
13: [33, 294, 345, 398, 432, 505, 574]
14: [64, 346]
15: [73, 316, 490]
16: [125, 141, 194, 424, 519, 586, 677]
17: [147, 241, 338, 485]
18: [97, 197, 237, 392, 403, 548, 621]
19: [124, 141, 275, 435]
20: [239, 308, 358]
21: [274, 356]
22: [616]
23: [5, 90, 218, 296, 438, 459, 554]
24: [72, 538, 622]
25: [248, 271, 335, 340, 427]
26: [90, 159, 359, 574, 600]
27: [103, 171, 333, 510, 564, 603, 609, 621, 672]
28: [302, 330, 647]
29: [11, 147, 197, 254, 634, 662]
30: [115, 263, 358, 482, 543]

trend
1: [80, 92, 115, 270, 373]
2: [70, 82, 126, 160, 274, 409, 457, 480, 547, 592]
3: [94, 128, 219, 374, 679]
4: [56, 200, 260, 330, 398, 411, 468, 491, 603, 614]
5: [82, 140, 272, 307, 375, 639]
6: [69, 269, 449, 472, 506, 562, 610]
7: [15, 28, 61, 331, 386]
8: [115, 246, 350, 395, 496, 541, 564, 655, 667]
9: [37, 306, 462, 474, 519, 556, 578]
10: [156, 310, 334, 412, 424, 557, 580]
11: [246, 279, 411, 423, 436, 459, 484, 584]
12: [37, 72, 94, 259, 459, 616]
13: [106, 129, 152, 208, 355, 448, 559, 572, 639]
14: [38, 62, 85, 117, 175, 643]
15: [172, 206, 277, 298, 495, 574]
16: [58, 175, 457, 568, 682]
17: [157, 280, 291]
18: [36, 69, 123, 202, 345, 390, 446, 570, 626, 638, 650, 663]
19: [15, 39, 72, 96, 193, 229, 252, 406, 485, 509, 541, 554, 643]
20: [59, 216, 249, 341, 482, 548, 592]
21: [15, 151, 307, 331]
22: [60, 205, 305, 316, 633, 681]
23: [49, 95, 119, 132, 156, 401, 436, 534, 547, 602]
24: [150, 499, 610, 656]
25: [92, 116, 219, 299, 333, 345, 369, 393, 503, 549, 616, 672]
26: [36, 140, 342, 440, 497]
27: [73, 119, 331, 378, 412, 446, 469]
28: [73, 243, 300, 413, 504, 574]
29: [39, 119, 281, 304, 449, 516, 559, 672]
30: [390, 666]

urban
17: [2]

welfar
27: [2]

women
22: [2]






